231 1598569034 1.000000 0.200000 1.000000 1.000000 0.200000
231 1598569035 1.000000 0.200000 1.000000 1.000000 0.200000
231 1598569036 1.000000 0.200000 1.000000 1.000000 0.200000
231 1598569037 1.000000 0.200000 1.000000 1.000000 0.200000
231 1598569038 1.000000 0.200000 1.000000 1.000000 0.200000
231 1598569039 1.000000 0.200000 1.000000 1.000000 0.200000
231 1598569040 1.000000 0.200000 1.000000 1.000000 0.200000
231 1598569041 1.000000 0.200000 1.000000 1.000000 0.200000
231 1598569042 1.000000 0.200000 1.000000 1.000000 0.200000
231 1598569043 1.000000 0.200000 1.000000 1.000000 0.200000
231 1598569044 1.000000 0.200000 1.000000 1.000000 0.200000
231 1598569045 1.000000 0.200000 1.000000 1.000000 0.200000
231 1598569046 1.000000 0.200000 1.000000 1.000000 0.200000
231 1598569047 1.000000 0.200000 1.000000 1.000000 0.200000
231 1598569048 1.000000 0.200000 1.000000 1.000000 0.200000
231 1598569049 1.000000 0.400000 1.000000 1.000000 0.400000
231 1598569050 1.000000 0.400000 1.000000 1.000000 0.400000
231 1598569113 1.000000 0.400000 1.000000 1.000000 0.400000
231 1598569112 1.000000 0.400000 1.000000 1.000000 0.400000
231 1598569111 1.000000 0.400000 1.000000 1.000000 0.400000
231 1598569110 1.000000 0.400000 1.000000 1.000000 0.400000
231 1598569109 1.000000 0.400000 1.000000 1.000000 0.400000
231 1598569108 1.000000 0.200000 1.000000 1.000000 0.200000
231 1598569107 1.000000 0.200000 1.000000 1.000000 0.200000
231 1598569106 1.000000 0.200000 1.000000 1.000000 0.200000
231 1598569105 1.000000 0.200000 1.000000 1.000000 0.200000
231 1598569104 1.000000 0.200000 1.000000 1.000000 0.200000
231 1598569103 1.000000 0.200000 1.000000 1.000000 0.200000
231 1598569102 1.000000 0.200000 1.000000 1.000000 0.200000
231 1598569101 1.000000 0.200000 1.000000 1.000000 0.200000
231 1598569100 1.000000 0.200000 1.000000 1.000000 0.200000
231 1598569099 1.000000 0.200000 1.000000 1.000000 0.200000
231 1598569098 1.000000 0.400000 1.000000 1.000000 0.400000
231 1598569097 1.000000 0.400000 1.000000 1.000000 0.400000
231 1598569096 1.000000 0.400000 1.000000 1.000000 0.400000
231 1598569095 1.000000 0.400000 1.000000 1.000000 0.400000
231 1598569094 1.000000 0.400000 1.000000 1.000000 0.400000
231 1598569068 1.000000 0.400000 1.000000 1.000000 0.400000
231 1598569067 1.000000 0.400000 1.000000 1.000000 0.400000
231 1598569066 1.000000 0.400000 1.000000 1.000000 0.400000
231 1598569065 1.000000 0.400000 1.000000 1.000000 0.400000
231 1598569064 1.000000 0.400000 1.000000 1.000000 0.400000
231 1598569063 1.000000 0.400000 1.000000 1.000000 0.400000
231 1598569062 1.000000 0.400000 1.000000 1.000000 0.400000
231 1598569061 1.000000 0.400000 1.000000 1.000000 0.400000
231 1598569060 1.000000 0.400000 1.000000 1.000000 0.400000
231 1598569059 1.000000 0.400000 1.000000 1.000000 0.400000
231 1598569058 1.000000 0.200000 1.000000 1.000000 0.200000
231 1598569057 1.000000 0.200000 1.000000 1.000000 0.200000
231 1598569056 1.000000 0.200000 1.000000 1.000000 0.200000
231 1598569055 1.000000 0.200000 1.000000 1.000000 0.200000
231 1598569054 1.000000 0.200000 1.000000 1.000000 0.200000
231 1598569053 1.000000 0.400000 1.000000 1.000000 0.400000
231 1598569052 1.000000 0.400000 1.000000 1.000000 0.400000
231 1598569051 1.000000 0.400000 1.000000 1.000000 0.400000
231 1598569051 1.000000 0.400000 1.000000 1.000000 0.400000
231 1598569052 1.000000 0.400000 1.000000 1.000000 0.400000
231 1598569053 1.000000 0.400000 1.000000 1.000000 0.400000
231 1598569054 1.000000 0.200000 1.000000 1.000000 0.200000
231 1598569055 1.000000 0.200000 1.000000 1.000000 0.200000
231 1598569056 1.000000 0.200000 1.000000 1.000000 0.200000
231 1598569057 1.000000 0.200000 1.000000 1.000000 0.200000
231 1598569058 1.000000 0.200000 1.000000 1.000000 0.200000
231 1598569059 1.000000 0.400000 1.000000 1.000000 0.400000
231 1598569060 1.000000 0.400000 1.000000 1.000000 0.400000
231 1598569061 1.000000 0.400000 1.000000 1.000000 0.400000
231 1598569062 1.000000 0.400000 1.000000 1.000000 0.400000
231 1598569063 1.000000 0.400000 1.000000 1.000000 0.400000
231 1598569064 1.000000 0.400000 1.000000 1.000000 0.400000
231 1598569065 1.000000 0.400000 1.000000 1.000000 0.400000
231 1598569066 1.000000 0.400000 1.000000 1.000000 0.400000
231 1598569067 1.000000 0.400000 1.000000 1.000000 0.400000
231 1598569068 1.000000 0.400000 1.000000 1.000000 0.400000
231 1598569094 1.000000 0.400000 1.000000 1.000000 0.400000
231 1598569095 1.000000 0.400000 1.000000 1.000000 0.400000
231 1598569096 1.000000 0.400000 1.000000 1.000000 0.400000
231 1598569097 1.000000 0.400000 1.000000 1.000000 0.400000
231 1598569098 1.000000 0.400000 1.000000 1.000000 0.400000
231 1598569099 1.000000 0.200000 1.000000 1.000000 0.200000
231 1598569100 1.000000 0.200000 1.000000 1.000000 0.200000
231 1598569101 1.000000 0.200000 1.000000 1.000000 0.200000
231 1598569102 1.000000 0.200000 1.000000 1.000000 0.200000
231 1598569103 1.000000 0.200000 1.000000 1.000000 0.200000
231 1598569104 1.000000 0.200000 1.000000 1.000000 0.200000
231 1598569105 1.000000 0.200000 1.000000 1.000000 0.200000
231 1598569106 1.000000 0.200000 1.000000 1.000000 0.200000
231 1598569107 1.000000 0.200000 1.000000 1.000000 0.200000
231 1598569108 1.000000 0.200000 1.000000 1.000000 0.200000
231 1598569109 1.000000 0.400000 1.000000 1.000000 0.400000
231 1598569110 1.000000 0.400000 1.000000 1.000000 0.400000
231 1598569111 1.000000 0.400000 1.000000 1.000000 0.400000
231 1598569112 1.000000 0.400000 1.000000 1.000000 0.400000
231 1598569113 1.000000 0.400000 1.000000 1.000000 0.400000
231 1598569114 1.000000 0.200000 1.000000 1.000000 0.200000
231 1598569115 1.000000 0.200000 1.000000 1.000000 0.200000
231 1598569116 1.000000 0.200000 1.000000 1.000000 0.200000
231 1598569117 1.000000 0.200000 1.000000 1.000000 0.200000
231 1598569118 1.000000 0.200000 1.000000 1.000000 0.200000
231 1598569119 1.000000 0.400000 1.000000 1.000000 0.400000
231 1598569120 1.000000 0.400000 1.000000 1.000000 0.400000
231 1598569121 1.000000 0.400000 1.000000 1.000000 0.400000
231 1598569122 1.000000 0.400000 1.000000 1.000000 0.400000
231 1598569123 1.000000 0.400000 1.000000 1.000000 0.400000
231 1598569124 1.000000 0.200000 1.000000 1.000000 0.200000
231 1598569125 1.000000 0.200000 1.000000 1.000000 0.200000
231 1598569126 1.000000 0.200000 1.000000 1.000000 0.200000
231 1598569127 1.000000 0.200000 1.000000 1.000000 0.200000
231 1598569128 1.000000 0.200000 1.000000 1.000000 0.200000
231 1598569179 1.000000 0.200000 1.000000 1.000000 0.200000
231 1598569180 1.000000 0.200000 1.000000 1.000000 0.200000
231 1598569181 1.000000 0.200000 1.000000 1.000000 0.200000
231 1598569182 1.000000 0.200000 1.000000 1.000000 0.200000
231 1598569183 1.000000 0.200000 1.000000 1.000000 0.200000
231 1598569184 1.000000 0.200000 1.000000 1.000000 0.200000
231 1598569185 1.000000 0.200000 1.000000 1.000000 0.200000
231 1598569186 1.000000 0.200000 1.000000 1.000000 0.200000
231 1598569187 1.000000 0.200000 1.000000 1.000000 0.200000
231 1598569188 1.000000 0.200000 1.000000 1.000000 0.200000
231 1598569189 1.000000 0.200000 1.000000 1.000000 0.200000
231 1598569190 1.000000 0.200000 1.000000 1.000000 0.200000
231 1598569191 1.000000 0.200000 1.000000 1.000000 0.200000
231 1598569192 1.000000 0.200000 1.000000 1.000000 0.200000
231 1598569193 1.000000 0.200000 1.000000 1.000000 0.200000
231 1598569194 1.000000 0.400000 1.000000 1.000000 0.400000
231 1598569195 1.000000 0.400000 1.000000 1.000000 0.400000
231 1598569196 1.000000 0.400000 1.000000 1.000000 0.400000
231 1598569197 1.000000 0.400000 1.000000 1.000000 0.400000
231 1598569198 1.000000 0.400000 1.000000 1.000000 0.400000
231 1598569199 1.000000 0.400000 1.000000 1.000000 0.400000
231 1598569200 1.000000 0.400000 1.000000 1.000000 0.400000
231 1598569201 1.000000 0.400000 1.000000 1.000000 0.400000
231 1598569202 1.000000 0.400000 1.000000 1.000000 0.400000
231 1598569203 1.000000 0.400000 1.000000 1.000000 0.400000
231 1598569204 1.000000 0.200000 1.000000 1.000000 0.200000
231 1598569205 1.000000 0.200000 1.000000 1.000000 0.200000
231 1598569206 1.000000 0.200000 1.000000 1.000000 0.200000
231 1598569207 1.000000 0.200000 1.000000 1.000000 0.200000
231 1598569208 1.000000 0.200000 1.000000 1.000000 0.200000
231 1598569209 1.000000 0.200000 1.000000 1.000000 0.200000
231 1598569210 1.000000 0.200000 1.000000 1.000000 0.200000
231 1598569211 1.000000 0.200000 1.000000 1.000000 0.200000
231 1598569212 1.000000 0.200000 1.000000 1.000000 0.200000
231 1598569213 1.000000 0.200000 1.000000 1.000000 0.200000
231 1598569214 1.000000 0.200000 1.000000 1.000000 0.200000
231 1598569215 1.000000 0.200000 1.000000 1.000000 0.200000
231 1598569216 1.000000 0.200000 1.000000 1.000000 0.200000
231 1598569217 1.000000 0.200000 1.000000 1.000000 0.200000
231 1598569218 1.000000 0.200000 1.000000 1.000000 0.200000
231 1598569254 1.000000 0.200000 1.000000 1.000000 0.200000
231 1598569255 1.000000 0.200000 1.000000 1.000000 0.200000
231 1598569256 1.000000 0.200000 1.000000 1.000000 0.200000
231 1598569257 1.000000 0.200000 1.000000 1.000000 0.200000
231 1598569258 1.000000 0.200000 1.000000 1.000000 0.200000
231 1598569259 1.000000 0.400000 1.000000 1.000000 0.400000
231 1598569260 1.000000 0.400000 1.000000 1.000000 0.400000
231 1598569261 1.000000 0.400000 1.000000 1.000000 0.400000
231 1598569262 1.000000 0.400000 1.000000 1.000000 0.400000
231 1598569263 1.000000 0.400000 1.000000 1.000000 0.400000
231 1598569264 1.000000 0.200000 1.000000 1.000000 0.200000
231 1598569265 1.000000 0.200000 1.000000 1.000000 0.200000
231 1598569266 1.000000 0.200000 1.000000 1.000000 0.200000
231 1598569267 1.000000 0.200000 1.000000 1.000000 0.200000
231 1598569268 1.000000 0.200000 1.000000 1.000000 0.200000
231 1598569269 1.000000 0.400000 1.000000 1.000000 0.400000
231 1598569270 1.000000 0.400000 1.000000 1.000000 0.400000
231 1598569271 1.000000 0.400000 1.000000 1.000000 0.400000
231 1598569272 1.000000 0.400000 1.000000 1.000000 0.400000
231 1598569273 1.000000 0.400000 1.000000 1.000000 0.400000
231 1598569274 1.000000 0.200000 1.000000 1.000000 0.200000
231 1598569275 1.000000 0.200000 1.000000 1.000000 0.200000
231 1598569276 1.000000 0.200000 1.000000 1.000000 0.200000
231 1598569277 1.000000 0.200000 1.000000 1.000000 0.200000
231 1598569278 1.000000 0.200000 1.000000 1.000000 0.200000
231 1598569279 1.000000 0.200000 1.000000 1.000000 0.200000
231 1598569280 1.000000 0.200000 1.000000 1.000000 0.200000
231 1598569281 1.000000 0.200000 1.000000 1.000000 0.200000
231 1598569282 1.000000 0.200000 1.000000 1.000000 0.200000
231 1598569283 1.000000 0.200000 1.000000 1.000000 0.200000
231 1598569284 1.000000 0.200000 1.000000 1.000000 0.200000
231 1598569285 1.000000 0.200000 1.000000 1.000000 0.200000
231 1598569286 1.000000 0.200000 1.000000 1.000000 0.200000
231 1598569287 1.000000 0.200000 1.000000 1.000000 0.200000
231 1598569288 1.000000 0.200000 1.000000 1.000000 0.200000
231 1598569289 1.000000 0.200000 1.000000 1.000000 0.200000
231 1598569290 1.000000 0.200000 1.000000 1.000000 0.200000
231 1598569291 1.000000 0.200000 1.000000 1.000000 0.200000
231 1598569292 1.000000 0.200000 1.000000 1.000000 0.200000
231 1598569293 1.000000 0.200000 1.000000 1.000000 0.200000
231 1598569304 1.000000 0.400000 1.000000 1.000000 0.400000
231 1598569305 1.000000 0.400000 1.000000 1.000000 0.400000
231 1598569306 1.000000 0.400000 1.000000 1.000000 0.400000
231 1598569307 1.000000 0.400000 1.000000 1.000000 0.400000
231 1598569308 1.000000 0.400000 1.000000 1.000000 0.400000
231 1598569309 1.000000 0.200000 1.000000 1.000000 0.200000
231 1598569310 1.000000 0.200000 1.000000 1.000000 0.200000
231 1598569311 1.000000 0.200000 1.000000 1.000000 0.200000
231 1598569312 1.000000 0.200000 1.000000 1.000000 0.200000
231 1598569313 1.000000 0.200000 1.000000 1.000000 0.200000
231 1598569314 1.000000 0.400000 1.000000 1.000000 0.400000
231 1598569315 1.000000 0.400000 1.000000 1.000000 0.400000
231 1598569316 1.000000 0.400000 1.000000 1.000000 0.400000
231 1598569317 1.000000 0.400000 1.000000 1.000000 0.400000
231 1598569318 1.000000 0.400000 1.000000 1.000000 0.400000
231 1598569319 1.000000 0.200000 1.000000 1.000000 0.200000
231 1598569320 1.000000 0.200000 1.000000 1.000000 0.200000
231 1598569321 1.000000 0.200000 1.000000 1.000000 0.200000
231 1598569322 1.000000 0.200000 1.000000 1.000000 0.200000
231 1598569323 1.000000 0.200000 1.000000 1.000000 0.200000
231 1598569324 1.000000 0.200000 1.000000 1.000000 0.200000
231 1598569325 1.000000 0.200000 1.000000 1.000000 0.200000
231 1598569326 1.000000 0.200000 1.000000 1.000000 0.200000
231 1598569327 1.000000 0.200000 1.000000 1.000000 0.200000
231 1598569328 1.000000 0.200000 1.000000 1.000000 0.200000
231 1598569329 1.000000 0.400000 1.000000 1.000000 0.400000
231 1598569330 1.000000 0.400000 1.000000 1.000000 0.400000
231 1598569331 1.000000 0.400000 1.000000 1.000000 0.400000
231 1598569332 1.000000 0.400000 1.000000 1.000000 0.400000
231 1598569333 1.000000 0.400000 1.000000 1.000000 0.400000
231 1598569334 1.000000 0.200000 1.000000 1.000000 0.200000
231 1598569335 1.000000 0.200000 1.000000 1.000000 0.200000
231 1598569336 1.000000 0.200000 1.000000 1.000000 0.200000
231 1598569337 1.000000 0.200000 1.000000 1.000000 0.200000
231 1598569338 1.000000 0.200000 1.000000 1.000000 0.200000
231 1598569349 1.000000 0.400000 1.000000 1.000000 0.400000
231 1598569350 1.000000 0.400000 1.000000 1.000000 0.400000
231 1598569351 1.000000 0.400000 1.000000 1.000000 0.400000
231 1598569352 1.000000 0.400000 1.000000 1.000000 0.400000
231 1598569353 1.000000 0.400000 1.000000 1.000000 0.400000
231 1598569354 1.000000 0.200000 1.000000 1.000000 0.200000
231 1598569355 1.000000 0.200000 1.000000 1.000000 0.200000
231 1598569356 1.000000 0.200000 1.000000 1.000000 0.200000
231 1598569357 1.000000 0.200000 1.000000 1.000000 0.200000
231 1598569358 1.000000 0.200000 1.000000 1.000000 0.200000
231 1598569359 1.000000 0.200000 1.000000 1.000000 0.200000
231 1598569360 1.000000 0.200000 1.000000 1.000000 0.200000
231 1598569361 1.000000 0.200000 1.000000 1.000000 0.200000
231 1598569362 1.000000 0.200000 1.000000 1.000000 0.200000
231 1598569363 1.000000 0.200000 1.000000 1.000000 0.200000
231 1598569364 1.000000 0.200000 1.000000 1.000000 0.200000
231 1598569365 1.000000 0.200000 1.000000 1.000000 0.200000
231 1598569366 1.000000 0.200000 1.000000 1.000000 0.200000
231 1598569367 1.000000 0.200000 1.000000 1.000000 0.200000
231 1598569368 1.000000 0.200000 1.000000 1.000000 0.200000
231 1598569369 1.000000 0.400000 1.000000 1.000000 0.400000
231 1598569370 1.000000 0.400000 1.000000 1.000000 0.400000
231 1598569371 1.000000 0.400000 1.000000 1.000000 0.400000
231 1598569372 1.000000 0.400000 1.000000 1.000000 0.400000
231 1598569373 1.000000 0.400000 1.000000 1.000000 0.400000
231 1598569374 1.000000 0.200000 1.000000 1.000000 0.200000
231 1598569375 1.000000 0.200000 1.000000 1.000000 0.200000
231 1598569376 1.000000 0.200000 1.000000 1.000000 0.200000
231 1598569377 1.000000 0.200000 1.000000 1.000000 0.200000
231 1598569378 1.000000 0.200000 1.000000 1.000000 0.200000
231 1598569379 1.000000 0.200000 1.000000 1.000000 0.200000
231 1598569380 1.000000 0.200000 1.000000 1.000000 0.200000
231 1598569381 1.000000 0.200000 1.000000 1.000000 0.200000
231 1598569382 1.000000 0.200000 1.000000 1.000000 0.200000
231 1598569383 1.000000 0.200000 1.000000 1.000000 0.200000
231 1598569384 1.000000 0.200000 1.000000 1.000000 0.200000
231 1598569385 1.000000 0.200000 1.000000 1.000000 0.200000
231 1598569386 1.000000 0.200000 1.000000 1.000000 0.200000
231 1598569387 1.000000 0.200000 1.000000 1.000000 0.200000
231 1598569388 1.000000 0.200000 1.000000 1.000000 0.200000
231 1598569414 1.000000 0.400000 1.000000 1.000000 0.400000
231 1598569415 1.000000 0.400000 1.000000 1.000000 0.400000
231 1598569416 1.000000 0.400000 1.000000 1.000000 0.400000
231 1598569417 1.000000 0.400000 1.000000 1.000000 0.400000
231 1598569418 1.000000 0.400000 1.000000 1.000000 0.400000
231 1598569419 1.000000 0.200000 1.000000 1.000000 0.200000
231 1598569420 1.000000 0.200000 1.000000 1.000000 0.200000
231 1598569421 1.000000 0.200000 1.000000 1.000000 0.200000
231 1598569422 1.000000 0.200000 1.000000 1.000000 0.200000
231 1598569423 1.000000 0.200000 1.000000 1.000000 0.200000
231 1598569424 1.000000 0.400000 1.000000 1.000000 0.400000
231 1598569425 1.000000 0.400000 1.000000 1.000000 0.400000
231 1598569426 1.000000 0.400000 1.000000 1.000000 0.400000
231 1598569427 1.000000 0.400000 1.000000 1.000000 0.400000
231 1598569428 1.000000 0.400000 1.000000 1.000000 0.400000
231 1598569429 1.000000 0.200000 1.000000 1.000000 0.200000
231 1598569430 1.000000 0.200000 1.000000 1.000000 0.200000
231 1598569431 1.000000 0.200000 1.000000 1.000000 0.200000
231 1598569432 1.000000 0.200000 1.000000 1.000000 0.200000
231 1598569433 1.000000 0.200000 1.000000 1.000000 0.200000
231 1598569434 1.000000 0.400000 1.000000 1.000000 0.400000
231 1598569435 1.000000 0.400000 1.000000 1.000000 0.400000
231 1598569436 1.000000 0.400000 1.000000 1.000000 0.400000
231 1598569437 1.000000 0.400000 1.000000 1.000000 0.400000
231 1598569438 1.000000 0.400000 1.000000 1.000000 0.400000
231 1598569439 1.000000 0.200000 1.000000 1.000000 0.200000
231 1598569440 1.000000 0.200000 1.000000 1.000000 0.200000
231 1598569441 1.000000 0.200000 1.000000 1.000000 0.200000
231 1598569442 1.000000 0.200000 1.000000 1.000000 0.200000
231 1598569443 1.000000 0.200000 1.000000 1.000000 0.200000
231 1598569444 1.000000 0.200000 1.000000 1.000000 0.200000
231 1598569445 1.000000 0.200000 1.000000 1.000000 0.200000
231 1598569446 1.000000 0.200000 1.000000 1.000000 0.200000
231 1598569447 1.000000 0.200000 1.000000 1.000000 0.200000
231 1598569448 1.000000 0.200000 1.000000 1.000000 0.200000
231 1598569519 1.000000 0.400000 1.000000 1.000000 0.400000
231 1598569520 1.000000 0.400000 1.000000 1.000000 0.400000
231 1598569521 1.000000 0.400000 1.000000 1.000000 0.400000
231 1598569522 1.000000 0.400000 1.000000 1.000000 0.400000
231 1598569523 1.000000 0.400000 1.000000 1.000000 0.400000
231 1598569524 1.000000 0.200000 1.000000 1.000000 0.200000
231 1598569525 1.000000 0.200000 1.000000 1.000000 0.200000
231 1598569526 1.000000 0.200000 1.000000 1.000000 0.200000
231 1598569527 1.000000 0.200000 1.000000 1.000000 0.200000
231 1598569528 1.000000 0.200000 1.000000 1.000000 0.200000
231 1598569529 1.000000 0.400000 1.000000 1.000000 0.400000
231 1598569530 1.000000 0.400000 1.000000 1.000000 0.400000
231 1598569531 1.000000 0.400000 1.000000 1.000000 0.400000
231 1598569532 1.000000 0.400000 1.000000 1.000000 0.400000
231 1598569533 1.000000 0.400000 1.000000 1.000000 0.400000
231 1598569534 1.000000 0.200000 1.000000 1.000000 0.200000
231 1598569535 1.000000 0.200000 1.000000 1.000000 0.200000
231 1598569536 1.000000 0.200000 1.000000 1.000000 0.200000
231 1598569537 1.000000 0.200000 1.000000 1.000000 0.200000
231 1598569538 1.000000 0.200000 1.000000 1.000000 0.200000
231 1598569539 1.000000 0.400000 1.000000 1.000000 0.400000
231 1598569540 1.000000 0.400000 1.000000 1.000000 0.400000
231 1598569541 1.000000 0.400000 1.000000 1.000000 0.400000
231 1598569542 1.000000 0.400000 1.000000 1.000000 0.400000
231 1598569543 1.000000 0.400000 1.000000 1.000000 0.400000
231 1598569544 1.000000 0.200000 1.000000 1.000000 0.200000
231 1598569545 1.000000 0.200000 1.000000 1.000000 0.200000
231 1598569546 1.000000 0.200000 1.000000 1.000000 0.200000
231 1598569547 1.000000 0.200000 1.000000 1.000000 0.200000
231 1598569548 1.000000 0.200000 1.000000 1.000000 0.200000
231 1598569549 1.000000 0.200000 1.000000 1.000000 0.200000
231 1598569550 1.000000 0.200000 1.000000 1.000000 0.200000
231 1598569551 1.000000 0.200000 1.000000 1.000000 0.200000
231 1598569552 1.000000 0.200000 1.000000 1.000000 0.200000
231 1598569553 1.000000 0.200000 1.000000 1.000000 0.200000
231 1598569579 1.000000 0.400000 1.000000 1.000000 0.400000
231 1598569580 1.000000 0.400000 1.000000 1.000000 0.400000
231 1598569581 1.000000 0.400000 1.000000 1.000000 0.400000
231 1598569582 1.000000 0.400000 1.000000 1.000000 0.400000
231 1598569583 1.000000 0.400000 1.000000 1.000000 0.400000
231 1598569584 1.000000 0.400000 1.000000 1.000000 0.400000
231 1598569585 1.000000 0.400000 1.000000 1.000000 0.400000
231 1598569586 1.000000 0.400000 1.000000 1.000000 0.400000
231 1598569587 1.000000 0.400000 1.000000 1.000000 0.400000
231 1598569588 1.000000 0.400000 1.000000 1.000000 0.400000
231 1598569589 1.000000 0.200000 1.000000 1.000000 0.200000
231 1598569590 1.000000 0.200000 1.000000 1.000000 0.200000
231 1598569591 1.000000 0.200000 1.000000 1.000000 0.200000
231 1598569592 1.000000 0.200000 1.000000 1.000000 0.200000
231 1598569593 1.000000 0.200000 1.000000 1.000000 0.200000
231 1598569594 1.000000 0.200000 1.000000 1.000000 0.200000
231 1598569595 1.000000 0.200000 1.000000 1.000000 0.200000
231 1598569596 1.000000 0.200000 1.000000 1.000000 0.200000
231 1598569597 1.000000 0.200000 1.000000 1.000000 0.200000
231 1598569598 1.000000 0.200000 1.000000 1.000000 0.200000
231 1598569599 1.000000 0.400000 1.000000 1.000000 0.400000
231 1598569600 1.000000 0.400000 1.000000 1.000000 0.400000
231 1598569601 1.000000 0.400000 1.000000 1.000000 0.400000
231 1598569602 1.000000 0.400000 1.000000 1.000000 0.400000
231 1598569603 1.000000 0.400000 1.000000 1.000000 0.400000
231 1598569604 1.000000 0.200000 1.000000 1.000000 0.200000
231 1598569605 1.000000 0.200000 1.000000 1.000000 0.200000
231 1598569606 1.000000 0.200000 1.000000 1.000000 0.200000
231 1598569607 1.000000 0.200000 1.000000 1.000000 0.200000
231 1598569608 1.000000 0.200000 1.000000 1.000000 0.200000
231 1598569609 1.000000 0.200000 1.000000 1.000000 0.200000
231 1598569610 1.000000 0.200000 1.000000 1.000000 0.200000
231 1598569611 1.000000 0.200000 1.000000 1.000000 0.200000
231 1598569612 1.000000 0.200000 1.000000 1.000000 0.200000
231 1598569613 1.000000 0.200000 1.000000 1.000000 0.200000
231 1598569629 1.000000 0.200000 1.000000 1.000000 0.200000
231 1598569630 1.000000 0.200000 1.000000 1.000000 0.200000
231 1598569631 1.000000 0.200000 1.000000 1.000000 0.200000
231 1598569632 1.000000 0.200000 1.000000 1.000000 0.200000
231 1598569633 1.000000 0.200000 1.000000 1.000000 0.200000
231 1598569634 1.000000 0.400000 1.000000 1.000000 0.400000
231 1598569635 1.000000 0.400000 1.000000 1.000000 0.400000
231 1598569636 1.000000 0.400000 1.000000 1.000000 0.400000
231 1598569637 1.000000 0.400000 1.000000 1.000000 0.400000
231 1598569638 1.000000 0.400000 1.000000 1.000000 0.400000
231 1598569639 1.000000 0.200000 1.000000 1.000000 0.200000
231 1598569640 1.000000 0.200000 1.000000 1.000000 0.200000
231 1598569641 1.000000 0.200000 1.000000 1.000000 0.200000
231 1598569642 1.000000 0.200000 1.000000 1.000000 0.200000
231 1598569643 1.000000 0.200000 1.000000 1.000000 0.200000
231 1598569644 1.000000 0.200000 1.000000 1.000000 0.200000
231 1598569645 1.000000 0.200000 1.000000 1.000000 0.200000
231 1598569646 1.000000 0.200000 1.000000 1.000000 0.200000
231 1598569647 1.000000 0.200000 1.000000 1.000000 0.200000
231 1598569648 1.000000 0.200000 1.000000 1.000000 0.200000
231 1598569649 1.000000 0.200000 1.000000 1.000000 0.200000
231 1598569650 1.000000 0.200000 1.000000 1.000000 0.200000
231 1598569713 1.000000 0.400000 1.000000 1.000000 0.400000
231 1598569712 1.000000 0.400000 1.000000 1.000000 0.400000
231 1598569711 1.000000 0.400000 1.000000 1.000000 0.400000
231 1598569710 1.000000 0.400000 1.000000 1.000000 0.400000
231 1598569709 1.000000 0.400000 1.000000 1.000000 0.400000
231 1598569708 1.000000 0.200000 1.000000 1.000000 0.200000
231 1598569707 1.000000 0.200000 1.000000 1.000000 0.200000
231 1598569706 1.000000 0.200000 1.000000 1.000000 0.200000
231 1598569705 1.000000 0.200000 1.000000 1.000000 0.200000
231 1598569704 1.000000 0.200000 1.000000 1.000000 0.200000
231 1598569703 1.000000 0.200000 1.000000 1.000000 0.200000
231 1598569702 1.000000 0.200000 1.000000 1.000000 0.200000
231 1598569701 1.000000 0.200000 1.000000 1.000000 0.200000
231 1598569700 1.000000 0.200000 1.000000 1.000000 0.200000
231 1598569699 1.000000 0.200000 1.000000 1.000000 0.200000
231 1598569698 1.000000 0.400000 1.000000 1.000000 0.400000
231 1598569697 1.000000 0.400000 1.000000 1.000000 0.400000
231 1598569696 1.000000 0.400000 1.000000 1.000000 0.400000
231 1598569695 1.000000 0.400000 1.000000 1.000000 0.400000
231 1598569694 1.000000 0.400000 1.000000 1.000000 0.400000
231 1598569693 1.000000 0.200000 1.000000 1.000000 0.200000
231 1598569692 1.000000 0.200000 1.000000 1.000000 0.200000
231 1598569691 1.000000 0.200000 1.000000 1.000000 0.200000
231 1598569690 1.000000 0.200000 1.000000 1.000000 0.200000
231 1598569689 1.000000 0.200000 1.000000 1.000000 0.200000
231 1598569688 1.000000 0.400000 1.000000 1.000000 0.400000
231 1598569687 1.000000 0.400000 1.000000 1.000000 0.400000
231 1598569686 1.000000 0.400000 1.000000 1.000000 0.400000
231 1598569685 1.000000 0.400000 1.000000 1.000000 0.400000
231 1598569684 1.000000 0.400000 1.000000 1.000000 0.400000
231 1598569668 1.000000 0.200000 1.000000 1.000000 0.200000
231 1598569667 1.000000 0.200000 1.000000 1.000000 0.200000
231 1598569666 1.000000 0.200000 1.000000 1.000000 0.200000
231 1598569665 1.000000 0.200000 1.000000 1.000000 0.200000
231 1598569664 1.000000 0.200000 1.000000 1.000000 0.200000
231 1598569663 1.000000 0.200000 1.000000 1.000000 0.200000
231 1598569662 1.000000 0.200000 1.000000 1.000000 0.200000
231 1598569661 1.000000 0.200000 1.000000 1.000000 0.200000
231 1598569660 1.000000 0.200000 1.000000 1.000000 0.200000
231 1598569659 1.000000 0.200000 1.000000 1.000000 0.200000
231 1598569658 1.000000 0.400000 1.000000 1.000000 0.400000
231 1598569657 1.000000 0.400000 1.000000 1.000000 0.400000
231 1598569656 1.000000 0.400000 1.000000 1.000000 0.400000
231 1598569655 1.000000 0.400000 1.000000 1.000000 0.400000
231 1598569654 1.000000 0.400000 1.000000 1.000000 0.400000
231 1598569653 1.000000 0.200000 1.000000 1.000000 0.200000
231 1598569652 1.000000 0.200000 1.000000 1.000000 0.200000
231 1598569651 1.000000 0.200000 1.000000 1.000000 0.200000
231 1598569651 1.000000 0.200000 1.000000 1.000000 0.200000
231 1598569652 1.000000 0.200000 1.000000 1.000000 0.200000
231 1598569653 1.000000 0.200000 1.000000 1.000000 0.200000
231 1598569654 1.000000 0.400000 1.000000 1.000000 0.400000
231 1598569655 1.000000 0.400000 1.000000 1.000000 0.400000
231 1598569656 1.000000 0.400000 1.000000 1.000000 0.400000
231 1598569657 1.000000 0.400000 1.000000 1.000000 0.400000
231 1598569658 1.000000 0.400000 1.000000 1.000000 0.400000
231 1598569659 1.000000 0.200000 1.000000 1.000000 0.200000
231 1598569660 1.000000 0.200000 1.000000 1.000000 0.200000
231 1598569661 1.000000 0.200000 1.000000 1.000000 0.200000
231 1598569662 1.000000 0.200000 1.000000 1.000000 0.200000
231 1598569663 1.000000 0.200000 1.000000 1.000000 0.200000
231 1598569664 1.000000 0.200000 1.000000 1.000000 0.200000
231 1598569665 1.000000 0.200000 1.000000 1.000000 0.200000
231 1598569666 1.000000 0.200000 1.000000 1.000000 0.200000
231 1598569667 1.000000 0.200000 1.000000 1.000000 0.200000
231 1598569668 1.000000 0.200000 1.000000 1.000000 0.200000
231 1598569684 1.000000 0.400000 1.000000 1.000000 0.400000
231 1598569685 1.000000 0.400000 1.000000 1.000000 0.400000
231 1598569686 1.000000 0.400000 1.000000 1.000000 0.400000
231 1598569687 1.000000 0.400000 1.000000 1.000000 0.400000
231 1598569688 1.000000 0.400000 1.000000 1.000000 0.400000
231 1598569689 1.000000 0.200000 1.000000 1.000000 0.200000
231 1598569690 1.000000 0.200000 1.000000 1.000000 0.200000
231 1598569691 1.000000 0.200000 1.000000 1.000000 0.200000
231 1598569692 1.000000 0.200000 1.000000 1.000000 0.200000
231 1598569693 1.000000 0.200000 1.000000 1.000000 0.200000
231 1598569694 1.000000 0.400000 1.000000 1.000000 0.400000
231 1598569695 1.000000 0.400000 1.000000 1.000000 0.400000
231 1598569696 1.000000 0.400000 1.000000 1.000000 0.400000
231 1598569697 1.000000 0.400000 1.000000 1.000000 0.400000
231 1598569698 1.000000 0.400000 1.000000 1.000000 0.400000
231 1598569699 1.000000 0.200000 1.000000 1.000000 0.200000
231 1598569700 1.000000 0.200000 1.000000 1.000000 0.200000
231 1598569701 1.000000 0.200000 1.000000 1.000000 0.200000
231 1598569702 1.000000 0.200000 1.000000 1.000000 0.200000
231 1598569703 1.000000 0.200000 1.000000 1.000000 0.200000
231 1598569704 1.000000 0.200000 1.000000 1.000000 0.200000
231 1598569705 1.000000 0.200000 1.000000 1.000000 0.200000
231 1598569706 1.000000 0.200000 1.000000 1.000000 0.200000
231 1598569707 1.000000 0.200000 1.000000 1.000000 0.200000
231 1598569708 1.000000 0.200000 1.000000 1.000000 0.200000
231 1598569709 1.000000 0.400000 1.000000 1.000000 0.400000
231 1598569710 1.000000 0.400000 1.000000 1.000000 0.400000
231 1598569711 1.000000 0.400000 1.000000 1.000000 0.400000
231 1598569712 1.000000 0.400000 1.000000 1.000000 0.400000
231 1598569713 1.000000 0.400000 1.000000 1.000000 0.400000
231 1598569714 1.000000 0.200000 1.000000 1.000000 0.200000
231 1598569715 1.000000 0.200000 1.000000 1.000000 0.200000
231 1598569716 1.000000 0.200000 1.000000 1.000000 0.200000
231 1598569717 1.000000 0.200000 1.000000 1.000000 0.200000
231 1598569718 1.000000 0.200000 1.000000 1.000000 0.200000
231 1598569744 1.000000 0.400000 1.000000 1.000000 0.400000
231 1598569745 1.000000 0.400000 1.000000 1.000000 0.400000
231 1598569746 1.000000 0.400000 1.000000 1.000000 0.400000
231 1598569747 1.000000 0.400000 1.000000 1.000000 0.400000
231 1598569748 1.000000 0.400000 1.000000 1.000000 0.400000
231 1598569749 1.000000 0.200000 1.000000 1.000000 0.200000
231 1598569750 1.000000 0.200000 1.000000 1.000000 0.200000
231 1598569751 1.000000 0.200000 1.000000 1.000000 0.200000
231 1598569752 1.000000 0.200000 1.000000 1.000000 0.200000
231 1598569753 1.000000 0.200000 1.000000 1.000000 0.200000
231 1598569754 1.000000 0.200000 1.000000 1.000000 0.200000
231 1598569755 1.000000 0.200000 1.000000 1.000000 0.200000
231 1598569756 1.000000 0.200000 1.000000 1.000000 0.200000
231 1598569757 1.000000 0.200000 1.000000 1.000000 0.200000
231 1598569758 1.000000 0.200000 1.000000 1.000000 0.200000
231 1598569759 1.000000 0.400000 1.000000 1.000000 0.400000
231 1598569760 1.000000 0.400000 1.000000 1.000000 0.400000
231 1598569761 1.000000 0.400000 1.000000 1.000000 0.400000
231 1598569762 1.000000 0.400000 1.000000 1.000000 0.400000
231 1598569763 1.000000 0.400000 1.000000 1.000000 0.400000
231 1598569764 1.000000 0.200000 1.000000 1.000000 0.200000
231 1598569765 1.000000 0.200000 1.000000 1.000000 0.200000
231 1598569766 1.000000 0.200000 1.000000 1.000000 0.200000
231 1598569767 1.000000 0.200000 1.000000 1.000000 0.200000
231 1598569768 1.000000 0.200000 1.000000 1.000000 0.200000
231 1598569769 1.000000 0.400000 1.000000 1.000000 0.400000
231 1598569770 1.000000 0.400000 1.000000 1.000000 0.400000
231 1598569771 1.000000 0.400000 1.000000 1.000000 0.400000
231 1598569772 1.000000 0.400000 1.000000 1.000000 0.400000
231 1598569773 1.000000 0.400000 1.000000 1.000000 0.400000
231 1598569774 1.000000 0.200000 1.000000 1.000000 0.200000
231 1598569775 1.000000 0.200000 1.000000 1.000000 0.200000
231 1598569776 1.000000 0.200000 1.000000 1.000000 0.200000
231 1598569777 1.000000 0.200000 1.000000 1.000000 0.200000
231 1598569778 1.000000 0.200000 1.000000 1.000000 0.200000
231 1598569789 1.000000 0.200000 1.000000 1.000000 0.200000
231 1598569790 1.000000 0.200000 1.000000 1.000000 0.200000
231 1598569791 1.000000 0.200000 1.000000 1.000000 0.200000
231 1598569792 1.000000 0.200000 1.000000 1.000000 0.200000
231 1598569793 1.000000 0.200000 1.000000 1.000000 0.200000
231 1598569794 1.000000 0.200000 1.000000 1.000000 0.200000
231 1598569795 1.000000 0.200000 1.000000 1.000000 0.200000
231 1598569796 1.000000 0.200000 1.000000 1.000000 0.200000
231 1598569797 1.000000 0.200000 1.000000 1.000000 0.200000
231 1598569798 1.000000 0.200000 1.000000 1.000000 0.200000
231 1598569799 1.000000 0.400000 1.000000 1.000000 0.400000
231 1598569800 1.000000 0.400000 1.000000 1.000000 0.400000
231 1598569801 1.000000 0.400000 1.000000 1.000000 0.400000
231 1598569802 1.000000 0.400000 1.000000 1.000000 0.400000
231 1598569803 1.000000 0.400000 1.000000 1.000000 0.400000
231 1598569804 1.000000 0.200000 1.000000 1.000000 0.200000
231 1598569805 1.000000 0.200000 1.000000 1.000000 0.200000
231 1598569806 1.000000 0.200000 1.000000 1.000000 0.200000
231 1598569807 1.000000 0.200000 1.000000 1.000000 0.200000
231 1598569808 1.000000 0.200000 1.000000 1.000000 0.200000
231 1598569809 1.000000 0.200000 1.000000 1.000000 0.200000
231 1598569810 1.000000 0.200000 1.000000 1.000000 0.200000
231 1598569811 1.000000 0.200000 1.000000 1.000000 0.200000
231 1598569812 1.000000 0.200000 1.000000 1.000000 0.200000
231 1598569813 1.000000 0.200000 1.000000 1.000000 0.200000
231 1598569814 1.000000 0.400000 1.000000 1.000000 0.400000
231 1598569815 1.000000 0.400000 1.000000 1.000000 0.400000
231 1598569816 1.000000 0.400000 1.000000 1.000000 0.400000
231 1598569817 1.000000 0.400000 1.000000 1.000000 0.400000
231 1598569818 1.000000 0.400000 1.000000 1.000000 0.400000
231 1598569819 1.000000 0.200000 1.000000 1.000000 0.200000
231 1598569820 1.000000 0.200000 1.000000 1.000000 0.200000
231 1598569821 1.000000 0.200000 1.000000 1.000000 0.200000
231 1598569822 1.000000 0.200000 1.000000 1.000000 0.200000
231 1598569823 1.000000 0.200000 1.000000 1.000000 0.200000
231 1598569824 1.000000 0.200000 1.000000 1.000000 0.200000
231 1598569825 1.000000 0.200000 1.000000 1.000000 0.200000
231 1598569826 1.000000 0.200000 1.000000 1.000000 0.200000
231 1598569827 1.000000 0.200000 1.000000 1.000000 0.200000
231 1598569828 1.000000 0.200000 1.000000 1.000000 0.200000
231 1598569834 1.000000 0.400000 1.000000 1.000000 0.400000
231 1598569835 1.000000 0.400000 1.000000 1.000000 0.400000
231 1598569836 1.000000 0.400000 1.000000 1.000000 0.400000
231 1598569837 1.000000 0.400000 1.000000 1.000000 0.400000
231 1598569838 1.000000 0.400000 1.000000 1.000000 0.400000
231 1598569839 1.000000 0.200000 1.000000 1.000000 0.200000
231 1598569840 1.000000 0.200000 1.000000 1.000000 0.200000
231 1598569841 1.000000 0.200000 1.000000 1.000000 0.200000
231 1598569842 1.000000 0.200000 1.000000 1.000000 0.200000
231 1598569843 1.000000 0.200000 1.000000 1.000000 0.200000
231 1598569844 1.000000 0.400000 1.000000 1.000000 0.400000
231 1598569845 1.000000 0.400000 1.000000 1.000000 0.400000
231 1598569846 1.000000 0.400000 1.000000 1.000000 0.400000
231 1598569847 1.000000 0.400000 1.000000 1.000000 0.400000
231 1598569848 1.000000 0.400000 1.000000 1.000000 0.400000
231 1598569849 1.000000 0.200000 1.000000 1.000000 0.200000
231 1598569850 1.000000 0.200000 1.000000 1.000000 0.200000
231 1598569851 1.000000 0.200000 1.000000 1.000000 0.200000
231 1598569852 1.000000 0.200000 1.000000 1.000000 0.200000
231 1598569853 1.000000 0.200000 1.000000 1.000000 0.200000
231 1598569854 1.000000 0.400000 1.000000 1.000000 0.400000
231 1598569855 1.000000 0.400000 1.000000 1.000000 0.400000
231 1598569856 1.000000 0.400000 1.000000 1.000000 0.400000
231 1598569857 1.000000 0.400000 1.000000 1.000000 0.400000
231 1598569858 1.000000 0.400000 1.000000 1.000000 0.400000
231 1598569859 1.000000 0.200000 1.000000 1.000000 0.200000
231 1598569860 1.000000 0.200000 1.000000 1.000000 0.200000
231 1598569861 1.000000 0.200000 1.000000 1.000000 0.200000
231 1598569862 1.000000 0.200000 1.000000 1.000000 0.200000
231 1598569863 1.000000 0.200000 1.000000 1.000000 0.200000
231 1598569864 1.000000 0.200000 1.000000 1.000000 0.200000
231 1598569865 1.000000 0.200000 1.000000 1.000000 0.200000
231 1598569866 1.000000 0.200000 1.000000 1.000000 0.200000
231 1598569867 1.000000 0.200000 1.000000 1.000000 0.200000
231 1598569868 1.000000 0.200000 1.000000 1.000000 0.200000
231 1598569914 1.000000 0.400000 1.000000 1.000000 0.400000
231 1598569915 1.000000 0.400000 1.000000 1.000000 0.400000
231 1598569916 1.000000 0.400000 1.000000 1.000000 0.400000
231 1598569917 1.000000 0.400000 1.000000 1.000000 0.400000
231 1598569918 1.000000 0.400000 1.000000 1.000000 0.400000
231 1598569919 1.000000 0.200000 1.000000 1.000000 0.200000
231 1598569920 1.000000 0.200000 1.000000 1.000000 0.200000
231 1598569921 1.000000 0.200000 1.000000 1.000000 0.200000
231 1598569922 1.000000 0.200000 1.000000 1.000000 0.200000
231 1598569923 1.000000 0.200000 1.000000 1.000000 0.200000
231 1598569924 1.000000 0.200000 1.000000 1.000000 0.200000
231 1598569925 1.000000 0.200000 1.000000 1.000000 0.200000
231 1598569926 1.000000 0.200000 1.000000 1.000000 0.200000
231 1598569927 1.000000 0.200000 1.000000 1.000000 0.200000
231 1598569928 1.000000 0.200000 1.000000 1.000000 0.200000
231 1598569929 1.000000 0.400000 1.000000 1.000000 0.400000
231 1598569930 1.000000 0.400000 1.000000 1.000000 0.400000
231 1598569931 1.000000 0.400000 1.000000 1.000000 0.400000
231 1598569932 1.000000 0.400000 1.000000 1.000000 0.400000
231 1598569933 1.000000 0.400000 1.000000 1.000000 0.400000
231 1598569934 1.000000 0.200000 1.000000 1.000000 0.200000
231 1598569935 1.000000 0.200000 1.000000 1.000000 0.200000
231 1598569936 1.000000 0.200000 1.000000 1.000000 0.200000
231 1598569937 1.000000 0.200000 1.000000 1.000000 0.200000
231 1598569938 1.000000 0.200000 1.000000 1.000000 0.200000
231 1598569939 1.000000 0.200000 1.000000 1.000000 0.200000
231 1598569940 1.000000 0.200000 1.000000 1.000000 0.200000
231 1598569941 1.000000 0.200000 1.000000 1.000000 0.200000
231 1598569942 1.000000 0.200000 1.000000 1.000000 0.200000
231 1598569943 1.000000 0.200000 1.000000 1.000000 0.200000
231 1598569944 1.000000 0.200000 1.000000 1.000000 0.200000
231 1598569945 1.000000 0.200000 1.000000 1.000000 0.200000
231 1598569946 1.000000 0.200000 1.000000 1.000000 0.200000
231 1598569947 1.000000 0.200000 1.000000 1.000000 0.200000
231 1598569948 1.000000 0.200000 1.000000 1.000000 0.200000
231 1598569949 1.000000 0.200000 1.000000 1.000000 0.200000
231 1598569950 1.000000 0.200000 1.000000 1.000000 0.200000
231 1598569951 1.000000 0.200000 1.000000 1.000000 0.200000
231 1598569952 1.000000 0.200000 1.000000 1.000000 0.200000
231 1598569953 1.000000 0.200000 1.000000 1.000000 0.200000
231 1598569984 1.000000 0.200000 1.000000 1.000000 0.200000
231 1598569985 1.000000 0.200000 1.000000 1.000000 0.200000
231 1598569986 1.000000 0.200000 1.000000 1.000000 0.200000
231 1598569987 1.000000 0.200000 1.000000 1.000000 0.200000
231 1598569988 1.000000 0.200000 1.000000 1.000000 0.200000
231 1598569989 1.000000 0.400000 1.000000 1.000000 0.400000
231 1598569990 1.000000 0.400000 1.000000 1.000000 0.400000
231 1598569991 1.000000 0.400000 1.000000 1.000000 0.400000
231 1598569992 1.000000 0.400000 1.000000 1.000000 0.400000
231 1598569993 1.000000 0.400000 1.000000 1.000000 0.400000
231 1598569994 1.000000 0.200000 1.000000 1.000000 0.200000
231 1598569995 1.000000 0.200000 1.000000 1.000000 0.200000
231 1598569996 1.000000 0.200000 1.000000 1.000000 0.200000
231 1598569997 1.000000 0.200000 1.000000 1.000000 0.200000
231 1598569998 1.000000 0.200000 1.000000 1.000000 0.200000
231 1598569999 1.000000 0.400000 1.000000 1.000000 0.400000
231 1598570000 1.000000 0.400000 1.000000 1.000000 0.400000
231 1598570001 1.000000 0.400000 1.000000 1.000000 0.400000
231 1598570002 1.000000 0.400000 1.000000 1.000000 0.400000
231 1598570003 1.000000 0.400000 1.000000 1.000000 0.400000
231 1598570004 1.000000 0.200000 1.000000 1.000000 0.200000
231 1598570005 1.000000 0.200000 1.000000 1.000000 0.200000
231 1598570006 1.000000 0.200000 1.000000 1.000000 0.200000
231 1598570007 1.000000 0.200000 1.000000 1.000000 0.200000
231 1598570008 1.000000 0.200000 1.000000 1.000000 0.200000
231 1598570009 1.000000 0.200000 1.000000 1.000000 0.200000
231 1598570010 1.000000 0.200000 1.000000 1.000000 0.200000
231 1598570011 1.000000 0.200000 1.000000 1.000000 0.200000
231 1598570012 1.000000 0.200000 1.000000 1.000000 0.200000
231 1598570013 1.000000 0.200000 1.000000 1.000000 0.200000
231 1598570014 1.000000 0.200000 1.000000 1.000000 0.200000
231 1598570015 1.000000 0.200000 1.000000 1.000000 0.200000
231 1598570016 1.000000 0.200000 1.000000 1.000000 0.200000
231 1598570017 1.000000 0.200000 1.000000 1.000000 0.200000
231 1598570018 1.000000 0.200000 1.000000 1.000000 0.200000
231 1598570019 1.000000 0.200000 1.000000 1.000000 0.200000
231 1598570020 1.000000 0.200000 1.000000 1.000000 0.200000
231 1598570021 1.000000 0.200000 1.000000 1.000000 0.200000
231 1598570022 1.000000 0.200000 1.000000 1.000000 0.200000
231 1598570023 1.000000 0.200000 1.000000 1.000000 0.200000
231 1598570029 1.000000 0.400000 1.000000 1.000000 0.400000
231 1598570030 1.000000 0.400000 1.000000 1.000000 0.400000
231 1598570031 1.000000 0.400000 1.000000 1.000000 0.400000
231 1598570032 1.000000 0.400000 1.000000 1.000000 0.400000
231 1598570033 1.000000 0.400000 1.000000 1.000000 0.400000
231 1598570034 1.000000 0.200000 1.000000 1.000000 0.200000
231 1598570035 1.000000 0.200000 1.000000 1.000000 0.200000
231 1598570036 1.000000 0.200000 1.000000 1.000000 0.200000
231 1598570037 1.000000 0.200000 1.000000 1.000000 0.200000
231 1598570038 1.000000 0.200000 1.000000 1.000000 0.200000
231 1598570039 1.000000 0.400000 1.000000 1.000000 0.400000
231 1598570040 1.000000 0.400000 1.000000 1.000000 0.400000
231 1598570041 1.000000 0.400000 1.000000 1.000000 0.400000
231 1598570042 1.000000 0.400000 1.000000 1.000000 0.400000
231 1598570043 1.000000 0.400000 1.000000 1.000000 0.400000
231 1598570044 1.000000 0.400000 1.000000 1.000000 0.400000
231 1598570045 1.000000 0.400000 1.000000 1.000000 0.400000
231 1598570046 1.000000 0.400000 1.000000 1.000000 0.400000
231 1598570047 1.000000 0.400000 1.000000 1.000000 0.400000
231 1598570048 1.000000 0.400000 1.000000 1.000000 0.400000
231 1598570049 1.000000 0.200000 1.000000 1.000000 0.200000
231 1598570050 1.000000 0.200000 1.000000 1.000000 0.200000
231 1598570051 1.000000 0.200000 1.000000 1.000000 0.200000
231 1598570052 1.000000 0.200000 1.000000 1.000000 0.200000
231 1598570053 1.000000 0.200000 1.000000 1.000000 0.200000
231 1598570054 1.000000 0.200000 1.000000 1.000000 0.200000
231 1598570055 1.000000 0.200000 1.000000 1.000000 0.200000
231 1598570056 1.000000 0.200000 1.000000 1.000000 0.200000
231 1598570057 1.000000 0.200000 1.000000 1.000000 0.200000
231 1598570058 1.000000 0.200000 1.000000 1.000000 0.200000
231 1598570059 1.000000 0.200000 1.000000 1.000000 0.200000
231 1598570060 1.000000 0.200000 1.000000 1.000000 0.200000
231 1598570061 1.000000 0.200000 1.000000 1.000000 0.200000
231 1598570062 1.000000 0.200000 1.000000 1.000000 0.200000
231 1598570063 1.000000 0.200000 1.000000 1.000000 0.200000
231 1598570089 1.000000 0.400000 1.000000 1.000000 0.400000
231 1598570090 1.000000 0.400000 1.000000 1.000000 0.400000
231 1598570091 1.000000 0.400000 1.000000 1.000000 0.400000
231 1598570092 1.000000 0.400000 1.000000 1.000000 0.400000
231 1598570093 1.000000 0.400000 1.000000 1.000000 0.400000
231 1598570094 1.000000 0.400000 1.000000 1.000000 0.400000
231 1598570095 1.000000 0.400000 1.000000 1.000000 0.400000
231 1598570096 1.000000 0.400000 1.000000 1.000000 0.400000
231 1598570097 1.000000 0.400000 1.000000 1.000000 0.400000
231 1598570098 1.000000 0.400000 1.000000 1.000000 0.400000
231 1598570099 1.000000 0.200000 1.000000 1.000000 0.200000
231 1598570100 1.000000 0.200000 1.000000 1.000000 0.200000
231 1598570101 1.000000 0.200000 1.000000 1.000000 0.200000
231 1598570102 1.000000 0.200000 1.000000 1.000000 0.200000
231 1598570103 1.000000 0.200000 1.000000 1.000000 0.200000
231 1598570104 1.000000 0.400000 1.000000 1.000000 0.400000
231 1598570105 1.000000 0.400000 1.000000 1.000000 0.400000
231 1598570106 1.000000 0.400000 1.000000 1.000000 0.400000
231 1598570107 1.000000 0.400000 1.000000 1.000000 0.400000
231 1598570108 1.000000 0.400000 1.000000 1.000000 0.400000
231 1598570109 1.000000 0.200000 1.000000 1.000000 0.200000
231 1598570110 1.000000 0.200000 1.000000 1.000000 0.200000
231 1598570111 1.000000 0.200000 1.000000 1.000000 0.200000
231 1598570112 1.000000 0.200000 1.000000 1.000000 0.200000
231 1598570113 1.000000 0.200000 1.000000 1.000000 0.200000
231 1598570114 1.000000 0.200000 1.000000 1.000000 0.200000
231 1598570115 1.000000 0.200000 1.000000 1.000000 0.200000
231 1598570116 1.000000 0.200000 1.000000 1.000000 0.200000
231 1598570117 1.000000 0.200000 1.000000 1.000000 0.200000
231 1598570118 1.000000 0.200000 1.000000 1.000000 0.200000
231 1598570119 1.000000 0.200000 1.000000 1.000000 0.200000
231 1598570120 1.000000 0.200000 1.000000 1.000000 0.200000
231 1598570121 1.000000 0.200000 1.000000 1.000000 0.200000
231 1598570122 1.000000 0.200000 1.000000 1.000000 0.200000
231 1598570123 1.000000 0.200000 1.000000 1.000000 0.200000
231 1598570149 1.000000 0.200000 1.000000 1.000000 0.200000
231 1598570150 1.000000 0.200000 1.000000 1.000000 0.200000
231 1598570151 1.000000 0.200000 1.000000 1.000000 0.200000
231 1598570152 1.000000 0.200000 1.000000 1.000000 0.200000
231 1598570153 1.000000 0.200000 1.000000 1.000000 0.200000
231 1598570154 1.000000 0.200000 1.000000 1.000000 0.200000
231 1598570155 1.000000 0.200000 1.000000 1.000000 0.200000
231 1598570156 1.000000 0.200000 1.000000 1.000000 0.200000
231 1598570157 1.000000 0.200000 1.000000 1.000000 0.200000
231 1598570158 1.000000 0.200000 1.000000 1.000000 0.200000
231 1598570159 1.000000 0.400000 1.000000 1.000000 0.400000
231 1598570160 1.000000 0.400000 1.000000 1.000000 0.400000
231 1598570161 1.000000 0.400000 1.000000 1.000000 0.400000
231 1598570162 1.000000 0.400000 1.000000 1.000000 0.400000
231 1598570163 1.000000 0.400000 1.000000 1.000000 0.400000
231 1598570164 1.000000 0.200000 1.000000 1.000000 0.200000
231 1598570165 1.000000 0.200000 1.000000 1.000000 0.200000
231 1598570166 1.000000 0.200000 1.000000 1.000000 0.200000
231 1598570167 1.000000 0.200000 1.000000 1.000000 0.200000
231 1598570168 1.000000 0.200000 1.000000 1.000000 0.200000
231 1598570169 1.000000 0.400000 1.000000 1.000000 0.400000
231 1598570170 1.000000 0.400000 1.000000 1.000000 0.400000
231 1598570171 1.000000 0.400000 1.000000 1.000000 0.400000
231 1598570172 1.000000 0.400000 1.000000 1.000000 0.400000
231 1598570173 1.000000 0.400000 1.000000 1.000000 0.400000
231 1598570174 1.000000 0.400000 1.000000 1.000000 0.400000
231 1598570175 1.000000 0.400000 1.000000 1.000000 0.400000
231 1598570176 1.000000 0.400000 1.000000 1.000000 0.400000
231 1598570177 1.000000 0.400000 1.000000 1.000000 0.400000
231 1598570178 1.000000 0.400000 1.000000 1.000000 0.400000
231 1598570179 1.000000 0.200000 1.000000 1.000000 0.200000
231 1598570180 1.000000 0.200000 1.000000 1.000000 0.200000
231 1598570181 1.000000 0.200000 1.000000 1.000000 0.200000
231 1598570182 1.000000 0.200000 1.000000 1.000000 0.200000
231 1598570183 1.000000 0.200000 1.000000 1.000000 0.200000
231 1598570273 1.000000 0.200000 1.000000 1.000000 0.200000
231 1598570272 1.000000 0.200000 1.000000 1.000000 0.200000
231 1598570271 1.000000 0.200000 1.000000 1.000000 0.200000
231 1598570270 1.000000 0.200000 1.000000 1.000000 0.200000
231 1598570269 1.000000 0.200000 1.000000 1.000000 0.200000
231 1598570268 1.000000 0.200000 1.000000 1.000000 0.200000
231 1598570267 1.000000 0.200000 1.000000 1.000000 0.200000
231 1598570266 1.000000 0.200000 1.000000 1.000000 0.200000
231 1598570265 1.000000 0.200000 1.000000 1.000000 0.200000
231 1598570264 1.000000 0.200000 1.000000 1.000000 0.200000
231 1598570263 1.000000 0.400000 1.000000 1.000000 0.400000
231 1598570262 1.000000 0.400000 1.000000 1.000000 0.400000
231 1598570261 1.000000 0.400000 1.000000 1.000000 0.400000
231 1598570260 1.000000 0.400000 1.000000 1.000000 0.400000
231 1598570259 1.000000 0.400000 1.000000 1.000000 0.400000
231 1598570258 1.000000 0.200000 1.000000 1.000000 0.200000
231 1598570257 1.000000 0.200000 1.000000 1.000000 0.200000
231 1598570256 1.000000 0.200000 1.000000 1.000000 0.200000
231 1598570255 1.000000 0.200000 1.000000 1.000000 0.200000
231 1598570254 1.000000 0.200000 1.000000 1.000000 0.200000
231 1598570253 1.000000 0.200000 1.000000 1.000000 0.200000
231 1598570252 1.000000 0.200000 1.000000 1.000000 0.200000
231 1598570251 1.000000 0.200000 1.000000 1.000000 0.200000
231 1598570250 1.000000 0.200000 1.000000 1.000000 0.200000
231 1598570249 1.000000 0.200000 1.000000 1.000000 0.200000
231 1598570248 1.000000 0.200000 1.000000 1.000000 0.200000
231 1598570247 1.000000 0.200000 1.000000 1.000000 0.200000
231 1598570246 1.000000 0.200000 1.000000 1.000000 0.200000
231 1598570245 1.000000 0.200000 1.000000 1.000000 0.200000
231 1598570244 1.000000 0.200000 1.000000 1.000000 0.200000
231 1598570243 1.000000 0.400000 1.000000 1.000000 0.400000
231 1598570242 1.000000 0.400000 1.000000 1.000000 0.400000
231 1598570241 1.000000 0.400000 1.000000 1.000000 0.400000
231 1598570240 1.000000 0.400000 1.000000 1.000000 0.400000
231 1598570239 1.000000 0.400000 1.000000 1.000000 0.400000
231 1598570238 1.000000 0.200000 1.000000 1.000000 0.200000
231 1598570237 1.000000 0.200000 1.000000 1.000000 0.200000
231 1598570236 1.000000 0.200000 1.000000 1.000000 0.200000
231 1598570235 1.000000 0.200000 1.000000 1.000000 0.200000
231 1598570234 1.000000 0.200000 1.000000 1.000000 0.200000
231 1598570234 1.000000 0.200000 1.000000 1.000000 0.200000
231 1598570235 1.000000 0.200000 1.000000 1.000000 0.200000
231 1598570236 1.000000 0.200000 1.000000 1.000000 0.200000
231 1598570237 1.000000 0.200000 1.000000 1.000000 0.200000
231 1598570238 1.000000 0.200000 1.000000 1.000000 0.200000
231 1598570239 1.000000 0.400000 1.000000 1.000000 0.400000
231 1598570240 1.000000 0.400000 1.000000 1.000000 0.400000
231 1598570241 1.000000 0.400000 1.000000 1.000000 0.400000
231 1598570242 1.000000 0.400000 1.000000 1.000000 0.400000
231 1598570243 1.000000 0.400000 1.000000 1.000000 0.400000
231 1598570244 1.000000 0.200000 1.000000 1.000000 0.200000
231 1598570245 1.000000 0.200000 1.000000 1.000000 0.200000
231 1598570246 1.000000 0.200000 1.000000 1.000000 0.200000
231 1598570247 1.000000 0.200000 1.000000 1.000000 0.200000
231 1598570248 1.000000 0.200000 1.000000 1.000000 0.200000
231 1598570249 1.000000 0.200000 1.000000 1.000000 0.200000
231 1598570250 1.000000 0.200000 1.000000 1.000000 0.200000
231 1598570251 1.000000 0.200000 1.000000 1.000000 0.200000
231 1598570252 1.000000 0.200000 1.000000 1.000000 0.200000
231 1598570253 1.000000 0.200000 1.000000 1.000000 0.200000
231 1598570254 1.000000 0.200000 1.000000 1.000000 0.200000
231 1598570255 1.000000 0.200000 1.000000 1.000000 0.200000
231 1598570256 1.000000 0.200000 1.000000 1.000000 0.200000
231 1598570257 1.000000 0.200000 1.000000 1.000000 0.200000
231 1598570258 1.000000 0.200000 1.000000 1.000000 0.200000
231 1598570259 1.000000 0.400000 1.000000 1.000000 0.400000
231 1598570260 1.000000 0.400000 1.000000 1.000000 0.400000
231 1598570261 1.000000 0.400000 1.000000 1.000000 0.400000
231 1598570262 1.000000 0.400000 1.000000 1.000000 0.400000
231 1598570263 1.000000 0.400000 1.000000 1.000000 0.400000
231 1598570264 1.000000 0.200000 1.000000 1.000000 0.200000
231 1598570265 1.000000 0.200000 1.000000 1.000000 0.200000
231 1598570266 1.000000 0.200000 1.000000 1.000000 0.200000
231 1598570267 1.000000 0.200000 1.000000 1.000000 0.200000
231 1598570268 1.000000 0.200000 1.000000 1.000000 0.200000
231 1598570269 1.000000 0.200000 1.000000 1.000000 0.200000
231 1598570270 1.000000 0.200000 1.000000 1.000000 0.200000
231 1598570271 1.000000 0.200000 1.000000 1.000000 0.200000
231 1598570272 1.000000 0.200000 1.000000 1.000000 0.200000
231 1598570273 1.000000 0.200000 1.000000 1.000000 0.200000
231 1598570314 1.000000 0.200000 1.000000 1.000000 0.200000
231 1598570315 1.000000 0.200000 1.000000 1.000000 0.200000
231 1598570316 1.000000 0.200000 1.000000 1.000000 0.200000
231 1598570317 1.000000 0.200000 1.000000 1.000000 0.200000
231 1598570318 1.000000 0.200000 1.000000 1.000000 0.200000
231 1598570319 1.000000 0.200000 1.000000 1.000000 0.200000
231 1598570320 1.000000 0.200000 1.000000 1.000000 0.200000
231 1598570321 1.000000 0.200000 1.000000 1.000000 0.200000
231 1598570322 1.000000 0.200000 1.000000 1.000000 0.200000
231 1598570323 1.000000 0.200000 1.000000 1.000000 0.200000
231 1598570324 1.000000 0.400000 1.000000 1.000000 0.400000
231 1598570325 1.000000 0.400000 1.000000 1.000000 0.400000
231 1598570326 1.000000 0.400000 1.000000 1.000000 0.400000
231 1598570327 1.000000 0.400000 1.000000 1.000000 0.400000
231 1598570328 1.000000 0.400000 1.000000 1.000000 0.400000
231 1598570329 1.000000 0.200000 1.000000 1.000000 0.200000
231 1598570330 1.000000 0.200000 1.000000 1.000000 0.200000
231 1598570331 1.000000 0.200000 1.000000 1.000000 0.200000
231 1598570332 1.000000 0.200000 1.000000 1.000000 0.200000
231 1598570333 1.000000 0.200000 1.000000 1.000000 0.200000
231 1598570334 1.000000 0.400000 1.000000 1.000000 0.400000
231 1598570335 1.000000 0.400000 1.000000 1.000000 0.400000
231 1598570336 1.000000 0.400000 1.000000 1.000000 0.400000
231 1598570337 1.000000 0.400000 1.000000 1.000000 0.400000
231 1598570338 1.000000 0.400000 1.000000 1.000000 0.400000
231 1598570339 1.000000 0.200000 1.000000 1.000000 0.200000
231 1598570340 1.000000 0.200000 1.000000 1.000000 0.200000
231 1598570341 1.000000 0.200000 1.000000 1.000000 0.200000
231 1598570342 1.000000 0.200000 1.000000 1.000000 0.200000
231 1598570343 1.000000 0.200000 1.000000 1.000000 0.200000
231 1598570344 1.000000 0.200000 1.000000 1.000000 0.200000
231 1598570345 1.000000 0.200000 1.000000 1.000000 0.200000
231 1598570346 1.000000 0.200000 1.000000 1.000000 0.200000
231 1598570347 1.000000 0.200000 1.000000 1.000000 0.200000
231 1598570348 1.000000 0.200000 1.000000 1.000000 0.200000
231 1598570349 1.000000 0.200000 1.000000 1.000000 0.200000
231 1598570350 1.000000 0.200000 1.000000 1.000000 0.200000
231 1598570351 1.000000 0.200000 1.000000 1.000000 0.200000
231 1598570352 1.000000 0.200000 1.000000 1.000000 0.200000
231 1598570353 1.000000 0.200000 1.000000 1.000000 0.200000
231 1598570418 1.000000 0.200000 1.000000 1.000000 0.200000
231 1598570417 1.000000 0.200000 1.000000 1.000000 0.200000
231 1598570416 1.000000 0.200000 1.000000 1.000000 0.200000
231 1598570415 1.000000 0.200000 1.000000 1.000000 0.200000
231 1598570414 1.000000 0.200000 1.000000 1.000000 0.200000
231 1598570413 1.000000 0.200000 1.000000 1.000000 0.200000
231 1598570412 1.000000 0.200000 1.000000 1.000000 0.200000
231 1598570411 1.000000 0.200000 1.000000 1.000000 0.200000
231 1598570410 1.000000 0.200000 1.000000 1.000000 0.200000
231 1598570409 1.000000 0.200000 1.000000 1.000000 0.200000
231 1598570408 1.000000 0.200000 1.000000 1.000000 0.200000
231 1598570407 1.000000 0.200000 1.000000 1.000000 0.200000
231 1598570406 1.000000 0.200000 1.000000 1.000000 0.200000
231 1598570405 1.000000 0.200000 1.000000 1.000000 0.200000
231 1598570404 1.000000 0.200000 1.000000 1.000000 0.200000
231 1598570403 1.000000 0.400000 1.000000 1.000000 0.400000
231 1598570402 1.000000 0.400000 1.000000 1.000000 0.400000
231 1598570401 1.000000 0.400000 1.000000 1.000000 0.400000
231 1598570400 1.000000 0.400000 1.000000 1.000000 0.400000
231 1598570399 1.000000 0.400000 1.000000 1.000000 0.400000
231 1598570398 1.000000 0.200000 1.000000 1.000000 0.200000
231 1598570397 1.000000 0.200000 1.000000 1.000000 0.200000
231 1598570396 1.000000 0.200000 1.000000 1.000000 0.200000
231 1598570395 1.000000 0.200000 1.000000 1.000000 0.200000
231 1598570394 1.000000 0.200000 1.000000 1.000000 0.200000
231 1598570393 1.000000 0.200000 1.000000 1.000000 0.200000
231 1598570392 1.000000 0.200000 1.000000 1.000000 0.200000
231 1598570391 1.000000 0.200000 1.000000 1.000000 0.200000
231 1598570390 1.000000 0.200000 1.000000 1.000000 0.200000
231 1598570389 1.000000 0.200000 1.000000 1.000000 0.200000
231 1598570388 1.000000 0.400000 1.000000 1.000000 0.400000
231 1598570387 1.000000 0.400000 1.000000 1.000000 0.400000
231 1598570386 1.000000 0.400000 1.000000 1.000000 0.400000
231 1598570385 1.000000 0.400000 1.000000 1.000000 0.400000
231 1598570384 1.000000 0.400000 1.000000 1.000000 0.400000
231 1598570383 1.000000 0.200000 1.000000 1.000000 0.200000
231 1598570382 1.000000 0.200000 1.000000 1.000000 0.200000
231 1598570381 1.000000 0.200000 1.000000 1.000000 0.200000
231 1598570380 1.000000 0.200000 1.000000 1.000000 0.200000
231 1598570379 1.000000 0.200000 1.000000 1.000000 0.200000
231 1598570379 1.000000 0.200000 1.000000 1.000000 0.200000
231 1598570380 1.000000 0.200000 1.000000 1.000000 0.200000
231 1598570381 1.000000 0.200000 1.000000 1.000000 0.200000
231 1598570382 1.000000 0.200000 1.000000 1.000000 0.200000
231 1598570383 1.000000 0.200000 1.000000 1.000000 0.200000
231 1598570384 1.000000 0.400000 1.000000 1.000000 0.400000
231 1598570385 1.000000 0.400000 1.000000 1.000000 0.400000
231 1598570386 1.000000 0.400000 1.000000 1.000000 0.400000
231 1598570387 1.000000 0.400000 1.000000 1.000000 0.400000
231 1598570388 1.000000 0.400000 1.000000 1.000000 0.400000
231 1598570389 1.000000 0.200000 1.000000 1.000000 0.200000
231 1598570390 1.000000 0.200000 1.000000 1.000000 0.200000
231 1598570391 1.000000 0.200000 1.000000 1.000000 0.200000
231 1598570392 1.000000 0.200000 1.000000 1.000000 0.200000
231 1598570393 1.000000 0.200000 1.000000 1.000000 0.200000
231 1598570394 1.000000 0.200000 1.000000 1.000000 0.200000
231 1598570395 1.000000 0.200000 1.000000 1.000000 0.200000
231 1598570396 1.000000 0.200000 1.000000 1.000000 0.200000
231 1598570397 1.000000 0.200000 1.000000 1.000000 0.200000
231 1598570398 1.000000 0.200000 1.000000 1.000000 0.200000
231 1598570399 1.000000 0.400000 1.000000 1.000000 0.400000
231 1598570400 1.000000 0.400000 1.000000 1.000000 0.400000
231 1598570401 1.000000 0.400000 1.000000 1.000000 0.400000
231 1598570402 1.000000 0.400000 1.000000 1.000000 0.400000
231 1598570403 1.000000 0.400000 1.000000 1.000000 0.400000
231 1598570404 1.000000 0.200000 1.000000 1.000000 0.200000
231 1598570405 1.000000 0.200000 1.000000 1.000000 0.200000
231 1598570406 1.000000 0.200000 1.000000 1.000000 0.200000
231 1598570407 1.000000 0.200000 1.000000 1.000000 0.200000
231 1598570408 1.000000 0.200000 1.000000 1.000000 0.200000
231 1598570409 1.000000 0.200000 1.000000 1.000000 0.200000
231 1598570410 1.000000 0.200000 1.000000 1.000000 0.200000
231 1598570411 1.000000 0.200000 1.000000 1.000000 0.200000
231 1598570412 1.000000 0.200000 1.000000 1.000000 0.200000
231 1598570413 1.000000 0.200000 1.000000 1.000000 0.200000
231 1598570414 1.000000 0.200000 1.000000 1.000000 0.200000
231 1598570415 1.000000 0.200000 1.000000 1.000000 0.200000
231 1598570416 1.000000 0.200000 1.000000 1.000000 0.200000
231 1598570417 1.000000 0.200000 1.000000 1.000000 0.200000
231 1598570418 1.000000 0.200000 1.000000 1.000000 0.200000
231 1598571304 1.000000 0.400000 1.000000 1.000000 0.400000
231 1598571305 1.000000 0.400000 1.000000 1.000000 0.400000
231 1598571306 1.000000 0.400000 1.000000 1.000000 0.400000
231 1598571307 1.000000 0.400000 1.000000 1.000000 0.400000
231 1598571308 1.000000 0.400000 1.000000 1.000000 0.400000
231 1598571309 1.000000 0.200000 1.000000 1.000000 0.200000
231 1598571310 1.000000 0.200000 1.000000 1.000000 0.200000
231 1598571311 1.000000 0.200000 1.000000 1.000000 0.200000
231 1598571312 1.000000 0.200000 1.000000 1.000000 0.200000
231 1598571313 1.000000 0.200000 1.000000 1.000000 0.200000
231 1598571314 1.000000 0.200000 1.000000 1.000000 0.200000
231 1598571315 1.000000 0.200000 1.000000 1.000000 0.200000
231 1598571316 1.000000 0.200000 1.000000 1.000000 0.200000
231 1598571317 1.000000 0.200000 1.000000 1.000000 0.200000
231 1598571318 1.000000 0.200000 1.000000 1.000000 0.200000
231 1598571319 1.000000 0.200000 1.000000 1.000000 0.200000
231 1598571320 1.000000 0.200000 1.000000 1.000000 0.200000
231 1598571321 1.000000 0.200000 1.000000 1.000000 0.200000
231 1598571322 1.000000 0.200000 1.000000 1.000000 0.200000
231 1598571323 1.000000 0.200000 1.000000 1.000000 0.200000
231 1598571324 1.000000 0.400000 1.000000 1.000000 0.400000
231 1598571325 1.000000 0.400000 1.000000 1.000000 0.400000
231 1598571326 1.000000 0.400000 1.000000 1.000000 0.400000
231 1598571327 1.000000 0.400000 1.000000 1.000000 0.400000
231 1598571328 1.000000 0.400000 1.000000 1.000000 0.400000
231 1598571329 1.000000 0.400000 1.000000 1.000000 0.400000
231 1598571330 1.000000 0.400000 1.000000 1.000000 0.400000
231 1598571331 1.000000 0.400000 1.000000 1.000000 0.400000
231 1598571332 1.000000 0.400000 1.000000 1.000000 0.400000
231 1598571333 1.000000 0.400000 1.000000 1.000000 0.400000
231 1598571334 1.000000 0.200000 1.000000 1.000000 0.200000
231 1598571335 1.000000 0.200000 1.000000 1.000000 0.200000
231 1598571336 1.000000 0.200000 1.000000 1.000000 0.200000
231 1598571337 1.000000 0.200000 1.000000 1.000000 0.200000
231 1598571338 1.000000 0.200000 1.000000 1.000000 0.200000
231 1598571433 1.000000 0.200000 1.000000 1.000000 0.200000
231 1598571432 1.000000 0.200000 1.000000 1.000000 0.200000
231 1598571431 1.000000 0.200000 1.000000 1.000000 0.200000
231 1598571430 1.000000 0.200000 1.000000 1.000000 0.200000
231 1598571429 1.000000 0.200000 1.000000 1.000000 0.200000
231 1598571433 1.000000 0.200000 1.000000 1.000000 0.200000
231 1598571432 1.000000 0.200000 1.000000 1.000000 0.200000
231 1598571431 1.000000 0.200000 1.000000 1.000000 0.200000
231 1598571430 1.000000 0.200000 1.000000 1.000000 0.200000
231 1598571429 1.000000 0.200000 1.000000 1.000000 0.200000
231 1598571433 1.000000 0.200000 1.000000 1.000000 0.200000
231 1598571432 1.000000 0.200000 1.000000 1.000000 0.200000
231 1598571431 1.000000 0.200000 1.000000 1.000000 0.200000
231 1598571430 1.000000 0.200000 1.000000 1.000000 0.200000
231 1598571429 1.000000 0.200000 1.000000 1.000000 0.200000
231 1598571433 1.000000 0.200000 1.000000 1.000000 0.200000
231 1598571432 1.000000 0.200000 1.000000 1.000000 0.200000
231 1598571431 1.000000 0.200000 1.000000 1.000000 0.200000
231 1598571430 1.000000 0.200000 1.000000 1.000000 0.200000
231 1598571429 1.000000 0.200000 1.000000 1.000000 0.200000
231 1598571433 1.000000 0.200000 1.000000 1.000000 0.200000
231 1598571432 1.000000 0.200000 1.000000 1.000000 0.200000
231 1598571431 1.000000 0.200000 1.000000 1.000000 0.200000
231 1598571430 1.000000 0.200000 1.000000 1.000000 0.200000
231 1598571429 1.000000 0.200000 1.000000 1.000000 0.200000
231 1598571433 1.000000 0.200000 1.000000 1.000000 0.200000
231 1598571432 1.000000 0.200000 1.000000 1.000000 0.200000
231 1598571431 1.000000 0.200000 1.000000 1.000000 0.200000
231 1598571430 1.000000 0.200000 1.000000 1.000000 0.200000
231 1598571429 1.000000 0.200000 1.000000 1.000000 0.200000
231 1598571433 1.000000 0.200000 1.000000 1.000000 0.200000
231 1598571432 1.000000 0.200000 1.000000 1.000000 0.200000
231 1598571431 1.000000 0.200000 1.000000 1.000000 0.200000
231 1598571430 1.000000 0.200000 1.000000 1.000000 0.200000
231 1598571429 1.000000 0.200000 1.000000 1.000000 0.200000
231 1598571433 1.000000 0.200000 1.000000 1.000000 0.200000
231 1598571432 1.000000 0.200000 1.000000 1.000000 0.200000
231 1598571431 1.000000 0.200000 1.000000 1.000000 0.200000
231 1598571430 1.000000 0.200000 1.000000 1.000000 0.200000
231 1598571429 1.000000 0.200000 1.000000 1.000000 0.200000
