1598457525	0	1598457528
1598457528	1	1598457626
1598457626	2	1598457676
1598457676	3	1598457726
1598457726	4	1598457826
1598457826	5	1598457827
1598457827	6	1598458726
1598458726	7	1598458826
1598458826	8	1598458876
1598458876	9	1598458926
1598458926	10	1598459026
1598459026	12	1598459926
1598459926	13	1598460026
1598460026	14	1598460076
1598460076	15	1598460126
1598460126	16	1598460226
1598460226	18	1598461126
1598461126	19	1598461226
1598461226	20	1598461276
1598461276	21	1598461326
1598461326	22	1598461426
1598461426	24	1598462024
1598462024	23	1598462338
1598462338	22	1598462348
1598462348	21	1598462371
1598462371	20	1598462377
1598462377	19	1598462378
1598462378	18	1598462386
1598462386	17	1598462403
1598462403	16	1598462417
1598462417	15	1598462428
1598462428	14	1598462441
1598462441	13	1598462445
1598462445	12	1598462446
1598462446	11	1598462459
1598462459	10	1598462466
1598462466	9	1598462471
1598462471	8	1598462491
1598462491	7	1598462520
1598462520	6	1598462543
1598462543	5	1598462551
1598462551	4	1598462552
1598462552	3	1598462597
1598462597	2	1598463190
1598463190	1	1598463199
