157 1598449084 0.200000 -1.000000 0.200000 0.200000 0.008000
157 1598449083 0.200000 -1.000000 0.200000 0.200000 0.008000
157 1598449082 0.200000 -1.000000 0.200000 0.200000 0.008000
157 1598449081 0.200000 -1.000000 0.200000 0.200000 0.008000
157 1598449080 0.200000 -1.000000 0.200000 0.200000 0.008000
154 1598449084 0.200000 -1.000000 0.200000 0.200000 0.008000
154 1598449083 0.200000 -1.000000 0.200000 0.200000 0.008000
154 1598449082 0.200000 -1.000000 0.200000 0.200000 0.008000
154 1598449081 0.200000 -1.000000 0.200000 0.200000 0.008000
154 1598449080 0.200000 -1.000000 0.200000 0.200000 0.008000
157 1598449129 0.200000 -1.000000 0.200000 0.200000 0.008000
157 1598449128 0.200000 -1.000000 0.200000 0.200000 0.008000
157 1598449127 0.200000 -1.000000 0.200000 0.200000 0.008000
157 1598449126 0.200000 -1.000000 0.200000 0.200000 0.008000
157 1598449125 0.200000 -1.000000 0.200000 0.200000 0.008000
157 1598449084 0.200000 -1.000000 0.200000 0.200000 0.008000
157 1598449083 0.200000 -1.000000 0.200000 0.200000 0.008000
157 1598449082 0.200000 -1.000000 0.200000 0.200000 0.008000
157 1598449081 0.200000 -1.000000 0.200000 0.200000 0.008000
157 1598449080 0.200000 -1.000000 0.200000 0.200000 0.008000
154 1598449129 0.200000 -1.000000 0.200000 0.200000 0.008000
154 1598449128 0.200000 -1.000000 0.200000 0.200000 0.008000
154 1598449127 0.200000 -1.000000 0.200000 0.200000 0.008000
154 1598449126 0.200000 -1.000000 0.200000 0.200000 0.008000
154 1598449125 0.200000 -1.000000 0.200000 0.200000 0.008000
154 1598449084 0.200000 -1.000000 0.200000 0.200000 0.008000
154 1598449083 0.200000 -1.000000 0.200000 0.200000 0.008000
154 1598449082 0.200000 -1.000000 0.200000 0.200000 0.008000
154 1598449081 0.200000 -1.000000 0.200000 0.200000 0.008000
154 1598449080 0.200000 -1.000000 0.200000 0.200000 0.008000
157 1598449129 0.200000 -1.000000 0.200000 0.200000 0.008000
157 1598449128 0.200000 -1.000000 0.200000 0.200000 0.008000
157 1598449127 0.200000 -1.000000 0.200000 0.200000 0.008000
157 1598449126 0.200000 -1.000000 0.200000 0.200000 0.008000
157 1598449125 0.200000 -1.000000 0.200000 0.200000 0.008000
157 1598449084 0.200000 -1.000000 0.200000 0.200000 0.008000
157 1598449083 0.200000 -1.000000 0.200000 0.200000 0.008000
157 1598449082 0.200000 -1.000000 0.200000 0.200000 0.008000
157 1598449081 0.200000 -1.000000 0.200000 0.200000 0.008000
157 1598449080 0.200000 -1.000000 0.200000 0.200000 0.008000
163 1598449789 0.200000 -1.000000 0.200000 0.200000 0.008000
163 1598449788 0.200000 -1.000000 0.200000 0.200000 0.008000
163 1598449787 0.200000 -1.000000 0.200000 0.200000 0.008000
163 1598449786 0.200000 -1.000000 0.200000 0.200000 0.008000
163 1598449785 0.200000 -1.000000 0.200000 0.200000 0.008000
154 1598449129 0.200000 -1.000000 0.200000 0.200000 0.008000
154 1598449128 0.200000 -1.000000 0.200000 0.200000 0.008000
154 1598449127 0.200000 -1.000000 0.200000 0.200000 0.008000
154 1598449126 0.200000 -1.000000 0.200000 0.200000 0.008000
154 1598449125 0.200000 -1.000000 0.200000 0.200000 0.008000
154 1598449084 0.200000 -1.000000 0.200000 0.200000 0.008000
154 1598449083 0.200000 -1.000000 0.200000 0.200000 0.008000
154 1598449082 0.200000 -1.000000 0.200000 0.200000 0.008000
154 1598449081 0.200000 -1.000000 0.200000 0.200000 0.008000
154 1598449080 0.200000 -1.000000 0.200000 0.200000 0.008000
154 1598449080 0.200000 -1.000000 -101.000000 0.000000 0.000000
154 1598449081 0.200000 -1.000000 -101.000000 0.000000 0.000000
154 1598449082 0.200000 -1.000000 -101.000000 0.000000 0.000000
154 1598449083 0.200000 -1.000000 -101.000000 0.000000 0.000000
154 1598449084 0.200000 -1.000000 -101.000000 0.000000 0.000000
154 1598449125 0.200000 -1.000000 -101.000000 0.000000 0.000000
154 1598449126 0.200000 -1.000000 -101.000000 0.000000 0.000000
154 1598449127 0.200000 -1.000000 -101.000000 0.000000 0.000000
154 1598449128 0.200000 -1.000000 -101.000000 0.000000 0.000000
154 1598449129 0.200000 -1.000000 -101.000000 0.000000 0.000000
157 1598449080 0.200000 -1.000000 -101.000000 0.000000 0.000000
157 1598449081 0.200000 -1.000000 -101.000000 0.000000 0.000000
157 1598449082 0.200000 -1.000000 -101.000000 0.000000 0.000000
157 1598449083 0.200000 -1.000000 -101.000000 0.000000 0.000000
157 1598449084 0.200000 -1.000000 -101.000000 0.000000 0.000000
157 1598449125 0.200000 -1.000000 -101.000000 0.000000 0.000000
157 1598449126 0.200000 -1.000000 -101.000000 0.000000 0.000000
157 1598449127 0.200000 -1.000000 -101.000000 0.000000 0.000000
157 1598449128 0.200000 -1.000000 -101.000000 0.000000 0.000000
157 1598449129 0.200000 -1.000000 -101.000000 0.000000 0.000000
154 1598450320 0.200000 -1.000000 -101.000000 0.000000 0.000000
154 1598450321 0.200000 -1.000000 -101.000000 0.000000 0.000000
154 1598450322 0.200000 -1.000000 -101.000000 0.000000 0.000000
154 1598450323 0.200000 -1.000000 -101.000000 0.000000 0.000000
154 1598450324 0.200000 -1.000000 -101.000000 0.000000 0.000000
157 1598450320 0.200000 -1.000000 -101.000000 0.000000 0.000000
157 1598450321 0.200000 -1.000000 -101.000000 0.000000 0.000000
157 1598450322 0.200000 -1.000000 -101.000000 0.000000 0.000000
157 1598450323 0.200000 -1.000000 -101.000000 0.000000 0.000000
157 1598450324 0.200000 -1.000000 -101.000000 0.000000 0.000000
154 1598450450 0.200000 -1.000000 -101.000000 0.000000 0.000000
154 1598450451 0.200000 -1.000000 -101.000000 0.000000 0.000000
154 1598450452 0.200000 -1.000000 -101.000000 0.000000 0.000000
154 1598450453 0.200000 -1.000000 -101.000000 0.000000 0.000000
154 1598450454 0.200000 -1.000000 -101.000000 0.000000 0.000000
157 1598450450 0.200000 -1.000000 -101.000000 0.000000 0.000000
157 1598450451 0.200000 -1.000000 -101.000000 0.000000 0.000000
157 1598450452 0.200000 -1.000000 -101.000000 0.000000 0.000000
157 1598450453 0.200000 -1.000000 -101.000000 0.000000 0.000000
157 1598450454 0.200000 -1.000000 -101.000000 0.000000 0.000000
157 1598450844 0.200000 -1.000000 0.200000 0.200000 0.008000
157 1598450843 0.200000 -1.000000 0.200000 0.200000 0.008000
157 1598450842 0.200000 -1.000000 0.200000 0.200000 0.008000
157 1598450841 0.200000 -1.000000 0.200000 0.200000 0.008000
157 1598450840 0.200000 -1.000000 0.200000 0.200000 0.008000
163 1598449789 0.200000 -1.000000 0.200000 0.200000 0.008000
163 1598449788 0.200000 -1.000000 0.200000 0.200000 0.008000
163 1598449787 0.200000 -1.000000 0.200000 0.200000 0.008000
163 1598449786 0.200000 -1.000000 0.200000 0.200000 0.008000
163 1598449785 0.200000 -1.000000 0.200000 0.200000 0.008000
154 1598450844 0.200000 -1.000000 0.200000 0.200000 0.008000
154 1598450843 0.200000 -1.000000 0.200000 0.200000 0.008000
154 1598450842 0.200000 -1.000000 0.200000 0.200000 0.008000
154 1598450841 0.200000 -1.000000 0.200000 0.200000 0.008000
154 1598450840 0.200000 -1.000000 0.200000 0.200000 0.008000
154 1598450840 0.200000 -1.000000 -101.000000 0.000000 0.000000
154 1598450841 0.200000 -1.000000 -101.000000 0.000000 0.000000
154 1598450842 0.200000 -1.000000 -101.000000 0.000000 0.000000
154 1598450843 0.200000 -1.000000 -101.000000 0.000000 0.000000
154 1598450844 0.200000 -1.000000 -101.000000 0.000000 0.000000
157 1598450840 0.200000 -1.000000 -101.000000 0.000000 0.000000
157 1598450841 0.200000 -1.000000 -101.000000 0.000000 0.000000
157 1598450842 0.200000 -1.000000 -101.000000 0.000000 0.000000
157 1598450843 0.200000 -1.000000 -101.000000 0.000000 0.000000
157 1598450844 0.200000 -1.000000 -101.000000 0.000000 0.000000
154 1598450930 0.200000 -1.000000 -101.000000 0.000000 0.000000
154 1598450931 0.200000 -1.000000 -101.000000 0.000000 0.000000
154 1598450932 0.200000 -1.000000 -101.000000 0.000000 0.000000
154 1598450933 0.200000 -1.000000 -101.000000 0.000000 0.000000
154 1598450934 0.200000 -1.000000 -101.000000 0.000000 0.000000
169 1598451195 0.200000 -1.000000 -101.000000 0.000000 0.000000
169 1598451196 0.200000 -1.000000 -101.000000 0.000000 0.000000
169 1598451197 0.200000 -1.000000 -101.000000 0.000000 0.000000
154 1598451195 0.200000 -1.000000 -101.000000 0.000000 0.000000
154 1598451196 0.200000 -1.000000 -101.000000 0.000000 0.000000
154 1598451197 0.200000 -1.000000 -101.000000 0.000000 0.000000
169 1598451198 0.200000 -1.000000 -101.000000 0.000000 0.000000
169 1598451199 0.200000 -1.000000 -101.000000 0.000000 0.000000
169 1598451200 0.400000 -1.000000 -101.000000 0.000000 0.000000
169 1598451201 0.400000 -1.000000 -101.000000 0.000000 0.000000
169 1598451202 0.400000 -1.000000 -101.000000 0.000000 0.000000
154 1598451198 0.200000 -1.000000 -101.000000 0.000000 0.000000
154 1598451199 0.200000 -1.000000 -101.000000 0.000000 0.000000
154 1598451200 0.400000 -1.000000 -101.000000 0.000000 0.000000
154 1598451201 0.400000 -1.000000 -101.000000 0.000000 0.000000
154 1598451202 0.400000 -1.000000 -101.000000 0.000000 0.000000
154 1598451203 0.400000 -1.000000 -101.000000 0.000000 0.000000
154 1598451204 0.400000 -1.000000 -101.000000 0.000000 0.000000
154 1598451215 0.200000 -1.000000 -101.000000 0.000000 0.000000
154 1598451216 0.200000 -1.000000 -101.000000 0.000000 0.000000
154 1598451217 0.200000 -1.000000 -101.000000 0.000000 0.000000
169 1598451203 0.400000 -1.000000 -101.000000 0.000000 0.000000
169 1598451204 0.400000 -1.000000 -101.000000 0.000000 0.000000
169 1598451215 0.200000 -1.000000 -101.000000 0.000000 0.000000
169 1598451216 0.200000 -1.000000 -101.000000 0.000000 0.000000
169 1598451217 0.200000 -1.000000 -101.000000 0.000000 0.000000
169 1598451218 0.200000 -1.000000 -101.000000 0.000000 0.000000
169 1598451219 0.200000 -1.000000 -101.000000 0.000000 0.000000
154 1598451218 0.200000 -1.000000 -101.000000 0.000000 0.000000
154 1598451219 0.200000 -1.000000 -101.000000 0.000000 0.000000
154 1598451225 0.400000 -1.000000 -101.000000 0.000000 0.000000
154 1598451226 0.400000 -1.000000 -101.000000 0.000000 0.000000
154 1598451227 0.400000 -1.000000 -101.000000 0.000000 0.000000
188 1598451225 0.200000 -1.000000 -101.000000 0.000000 0.000000
188 1598451226 0.200000 -1.000000 -101.000000 0.000000 0.000000
188 1598451227 0.200000 -1.000000 -101.000000 0.000000 0.000000
169 1598451225 0.200000 -1.000000 -101.000000 0.000000 0.000000
169 1598451226 0.200000 -1.000000 -101.000000 0.000000 0.000000
169 1598451227 0.200000 -1.000000 -101.000000 0.000000 0.000000
169 1598451228 0.200000 -1.000000 -101.000000 0.000000 0.000000
169 1598451229 0.200000 -1.000000 -101.000000 0.000000 0.000000
169 1598451230 0.200000 -1.000000 -101.000000 0.000000 0.000000
169 1598451231 0.200000 -1.000000 -101.000000 0.000000 0.000000
169 1598451232 0.200000 -1.000000 -101.000000 0.000000 0.000000
154 1598451228 0.400000 -1.000000 -101.000000 0.000000 0.000000
154 1598451229 0.400000 -1.000000 -101.000000 0.000000 0.000000
154 1598451230 0.200000 -1.000000 -101.000000 0.000000 0.000000
154 1598451231 0.200000 -1.000000 -101.000000 0.000000 0.000000
154 1598451232 0.200000 -1.000000 -101.000000 0.000000 0.000000
169 1598451233 0.200000 -1.000000 -101.000000 0.000000 0.000000
169 1598451234 0.200000 -1.000000 -101.000000 0.000000 0.000000
154 1598451233 0.200000 -1.000000 -101.000000 0.000000 0.000000
154 1598451234 0.200000 -1.000000 -101.000000 0.000000 0.000000
169 1598451245 0.200000 -1.000000 -101.000000 0.000000 0.000000
169 1598451246 0.200000 -1.000000 -101.000000 0.000000 0.000000
169 1598451247 0.200000 -1.000000 -101.000000 0.000000 0.000000
169 1598451248 0.200000 -1.000000 -101.000000 0.000000 0.000000
169 1598451249 0.200000 -1.000000 -101.000000 0.000000 0.000000
169 1598451250 0.200000 -1.000000 -101.000000 0.000000 0.000000
169 1598451251 0.200000 -1.000000 -101.000000 0.000000 0.000000
169 1598451252 0.200000 -1.000000 -101.000000 0.000000 0.000000
154 1598451245 0.200000 -1.000000 -101.000000 0.000000 0.000000
154 1598451246 0.200000 -1.000000 -101.000000 0.000000 0.000000
154 1598451247 0.200000 -1.000000 -101.000000 0.000000 0.000000
154 1598451248 0.200000 -1.000000 -101.000000 0.000000 0.000000
154 1598451249 0.200000 -1.000000 -101.000000 0.000000 0.000000
154 1598451250 0.200000 -1.000000 -101.000000 0.000000 0.000000
154 1598451251 0.200000 -1.000000 -101.000000 0.000000 0.000000
154 1598451252 0.200000 -1.000000 -101.000000 0.000000 0.000000
169 1598451253 0.200000 -1.000000 -101.000000 0.000000 0.000000
169 1598451254 0.200000 -1.000000 -101.000000 0.000000 0.000000
169 1598451255 0.200000 -1.000000 -101.000000 0.000000 0.000000
169 1598451256 0.200000 -1.000000 -101.000000 0.000000 0.000000
169 1598451257 0.200000 -1.000000 -101.000000 0.000000 0.000000
154 1598451253 0.200000 -1.000000 -101.000000 0.000000 0.000000
154 1598451254 0.200000 -1.000000 -101.000000 0.000000 0.000000
154 1598451255 0.200000 -1.000000 -101.000000 0.000000 0.000000
154 1598451256 0.200000 -1.000000 -101.000000 0.000000 0.000000
154 1598451257 0.200000 -1.000000 -101.000000 0.000000 0.000000
188 1598451228 0.200000 -1.000000 -101.000000 0.000000 0.000000
188 1598451229 0.200000 -1.000000 -101.000000 0.000000 0.000000
169 1598451258 0.200000 -1.000000 -101.000000 0.000000 0.000000
169 1598451259 0.200000 -1.000000 -101.000000 0.000000 0.000000
169 1598451260 0.200000 -1.000000 -101.000000 0.000000 0.000000
169 1598451261 0.200000 -1.000000 -101.000000 0.000000 0.000000
169 1598451262 0.200000 -1.000000 -101.000000 0.000000 0.000000
169 1598451263 0.200000 -1.000000 -101.000000 0.000000 0.000000
169 1598451264 0.200000 -1.000000 -101.000000 0.000000 0.000000
154 1598451258 0.200000 -1.000000 -101.000000 0.000000 0.000000
154 1598451259 0.200000 -1.000000 -101.000000 0.000000 0.000000
154 1598451260 0.200000 -1.000000 -101.000000 0.000000 0.000000
154 1598451261 0.200000 -1.000000 -101.000000 0.000000 0.000000
154 1598451262 0.200000 -1.000000 -101.000000 0.000000 0.000000
154 1598451263 0.200000 -1.000000 -101.000000 0.000000 0.000000
154 1598451264 0.200000 -1.000000 -101.000000 0.000000 0.000000
154 1598451270 0.200000 -1.000000 -101.000000 0.000000 0.000000
154 1598451271 0.200000 -1.000000 -101.000000 0.000000 0.000000
154 1598451272 0.200000 -1.000000 -101.000000 0.000000 0.000000
154 1598451273 0.200000 -1.000000 -101.000000 0.000000 0.000000
154 1598451274 0.200000 -1.000000 -101.000000 0.000000 0.000000
154 1598451275 0.200000 -1.000000 -101.000000 0.000000 0.000000
154 1598451276 0.200000 -1.000000 -101.000000 0.000000 0.000000
154 1598451277 0.200000 -1.000000 -101.000000 0.000000 0.000000
169 1598451280 0.200000 -1.000000 -101.000000 0.000000 0.000000
169 1598451281 0.200000 -1.000000 -101.000000 0.000000 0.000000
169 1598451282 0.200000 -1.000000 -101.000000 0.000000 0.000000
154 1598451278 0.200000 -1.000000 -101.000000 0.000000 0.000000
154 1598451279 0.200000 -1.000000 -101.000000 0.000000 0.000000
154 1598451280 0.400000 -1.000000 -101.000000 0.000000 0.000000
154 1598451281 0.400000 -1.000000 -101.000000 0.000000 0.000000
154 1598451282 0.400000 -1.000000 -101.000000 0.000000 0.000000
169 1598451283 0.200000 -1.000000 -101.000000 0.000000 0.000000
169 1598451284 0.200000 -1.000000 -101.000000 0.000000 0.000000
154 1598451283 0.400000 -1.000000 -101.000000 0.000000 0.000000
154 1598451284 0.400000 -1.000000 -101.000000 0.000000 0.000000
154 1598451285 0.200000 -1.000000 -101.000000 0.000000 0.000000
154 1598451286 0.200000 -1.000000 -101.000000 0.000000 0.000000
154 1598451287 0.200000 -1.000000 -101.000000 0.000000 0.000000
188 1598451270 0.200000 -1.000000 -101.000000 0.000000 0.000000
188 1598451271 0.200000 -1.000000 -101.000000 0.000000 0.000000
188 1598451272 0.200000 -1.000000 -101.000000 0.000000 0.000000
188 1598451273 0.200000 -1.000000 -101.000000 0.000000 0.000000
188 1598451274 0.200000 -1.000000 -101.000000 0.000000 0.000000
188 1598451275 0.200000 -1.000000 -101.000000 0.000000 0.000000
188 1598451276 0.200000 -1.000000 -101.000000 0.000000 0.000000
188 1598451277 0.200000 -1.000000 -101.000000 0.000000 0.000000
188 1598451278 0.200000 -1.000000 -101.000000 0.000000 0.000000
188 1598451279 0.200000 -1.000000 -101.000000 0.000000 0.000000
188 1598451280 0.200000 -1.000000 -101.000000 0.000000 0.000000
188 1598451281 0.200000 -1.000000 -101.000000 0.000000 0.000000
188 1598451282 0.200000 -1.000000 -101.000000 0.000000 0.000000
188 1598451283 0.200000 -1.000000 -101.000000 0.000000 0.000000
188 1598451284 0.200000 -1.000000 -101.000000 0.000000 0.000000
188 1598451285 0.200000 -1.000000 -101.000000 0.000000 0.000000
188 1598451286 0.200000 -1.000000 -101.000000 0.000000 0.000000
188 1598451287 0.200000 -1.000000 -101.000000 0.000000 0.000000
169 1598451290 0.200000 -1.000000 -101.000000 0.000000 0.000000
169 1598451291 0.200000 -1.000000 -101.000000 0.000000 0.000000
169 1598451292 0.200000 -1.000000 -101.000000 0.000000 0.000000
169 1598451293 0.200000 -1.000000 -101.000000 0.000000 0.000000
169 1598451294 0.200000 -1.000000 -101.000000 0.000000 0.000000
169 1598451300 0.200000 -1.000000 -101.000000 0.000000 0.000000
169 1598451301 0.200000 -1.000000 -101.000000 0.000000 0.000000
169 1598451302 0.200000 -1.000000 -101.000000 0.000000 0.000000
169 1598451303 0.200000 -1.000000 -101.000000 0.000000 0.000000
169 1598451304 0.200000 -1.000000 -101.000000 0.000000 0.000000
169 1598451310 0.200000 -1.000000 -101.000000 0.000000 0.000000
169 1598451311 0.200000 -1.000000 -101.000000 0.000000 0.000000
169 1598451312 0.200000 -1.000000 -101.000000 0.000000 0.000000
154 1598451288 0.200000 -1.000000 -101.000000 0.000000 0.000000
154 1598451289 0.200000 -1.000000 -101.000000 0.000000 0.000000
154 1598451290 0.200000 -1.000000 -101.000000 0.000000 0.000000
154 1598451291 0.200000 -1.000000 -101.000000 0.000000 0.000000
154 1598451292 0.200000 -1.000000 -101.000000 0.000000 0.000000
154 1598451293 0.200000 -1.000000 -101.000000 0.000000 0.000000
154 1598451294 0.200000 -1.000000 -101.000000 0.000000 0.000000
154 1598451300 0.200000 -1.000000 -101.000000 0.000000 0.000000
154 1598451301 0.200000 -1.000000 -101.000000 0.000000 0.000000
154 1598451302 0.200000 -1.000000 -101.000000 0.000000 0.000000
154 1598451303 0.200000 -1.000000 -101.000000 0.000000 0.000000
154 1598451304 0.200000 -1.000000 -101.000000 0.000000 0.000000
154 1598451310 0.200000 -1.000000 -101.000000 0.000000 0.000000
154 1598451311 0.200000 -1.000000 -101.000000 0.000000 0.000000
154 1598451312 0.200000 -1.000000 -101.000000 0.000000 0.000000
175 1598451205 0.200000 -1.000000 -101.000000 0.000000 0.000000
175 1598451206 0.200000 -1.000000 -101.000000 0.000000 0.000000
175 1598451207 0.200000 -1.000000 -101.000000 0.000000 0.000000
175 1598451208 0.200000 -1.000000 -101.000000 0.000000 0.000000
175 1598451209 0.200000 -1.000000 -101.000000 0.000000 0.000000
177 1598451205 0.200000 -1.000000 -101.000000 0.000000 0.000000
177 1598451206 0.200000 -1.000000 -101.000000 0.000000 0.000000
177 1598451207 0.200000 -1.000000 -101.000000 0.000000 0.000000
177 1598451208 0.200000 -1.000000 -101.000000 0.000000 0.000000
177 1598451209 0.200000 -1.000000 -101.000000 0.000000 0.000000
169 1598451313 0.200000 -1.000000 -101.000000 0.000000 0.000000
169 1598451314 0.200000 -1.000000 -101.000000 0.000000 0.000000
169 1598451315 0.200000 -1.000000 -101.000000 0.000000 0.000000
169 1598451316 0.200000 -1.000000 -101.000000 0.000000 0.000000
169 1598451317 0.200000 -1.000000 -101.000000 0.000000 0.000000
154 1598451313 0.200000 -1.000000 -101.000000 0.000000 0.000000
154 1598451314 0.200000 -1.000000 -101.000000 0.000000 0.000000
154 1598451315 0.400000 -1.000000 -101.000000 0.000000 0.000000
154 1598451316 0.400000 -1.000000 -101.000000 0.000000 0.000000
154 1598451317 0.400000 -1.000000 -101.000000 0.000000 0.000000
169 1598451318 0.200000 -1.000000 -101.000000 0.000000 0.000000
169 1598451319 0.200000 -1.000000 -101.000000 0.000000 0.000000
169 1598451325 0.200000 -1.000000 -101.000000 0.000000 0.000000
169 1598451326 0.200000 -1.000000 -101.000000 0.000000 0.000000
169 1598451327 0.200000 -1.000000 -101.000000 0.000000 0.000000
169 1598451328 0.200000 -1.000000 -101.000000 0.000000 0.000000
169 1598451329 0.200000 -1.000000 -101.000000 0.000000 0.000000
154 1598451318 0.400000 -1.000000 -101.000000 0.000000 0.000000
154 1598451319 0.400000 -1.000000 -101.000000 0.000000 0.000000
154 1598451325 0.200000 -1.000000 -101.000000 0.000000 0.000000
154 1598451326 0.200000 -1.000000 -101.000000 0.000000 0.000000
154 1598451327 0.200000 -1.000000 -101.000000 0.000000 0.000000
154 1598451328 0.200000 -1.000000 -101.000000 0.000000 0.000000
154 1598451329 0.200000 -1.000000 -101.000000 0.000000 0.000000
169 1598451335 0.200000 -1.000000 -101.000000 0.000000 0.000000
169 1598451336 0.200000 -1.000000 -101.000000 0.000000 0.000000
169 1598451337 0.200000 -1.000000 -101.000000 0.000000 0.000000
169 1598451338 0.200000 -1.000000 -101.000000 0.000000 0.000000
169 1598451339 0.200000 -1.000000 -101.000000 0.000000 0.000000
169 1598451340 0.400000 -1.000000 -101.000000 0.000000 0.000000
169 1598451341 0.400000 -1.000000 -101.000000 0.000000 0.000000
169 1598451342 0.400000 -1.000000 -101.000000 0.000000 0.000000
154 1598451335 0.200000 -1.000000 -101.000000 0.000000 0.000000
154 1598451336 0.200000 -1.000000 -101.000000 0.000000 0.000000
154 1598451337 0.200000 -1.000000 -101.000000 0.000000 0.000000
154 1598451338 0.200000 -1.000000 -101.000000 0.000000 0.000000
154 1598451339 0.200000 -1.000000 -101.000000 0.000000 0.000000
154 1598451340 0.400000 -1.000000 -101.000000 0.000000 0.000000
154 1598451341 0.400000 -1.000000 -101.000000 0.000000 0.000000
154 1598451342 0.400000 -1.000000 -101.000000 0.000000 0.000000
169 1598451343 0.400000 -1.000000 -101.000000 0.000000 0.000000
169 1598451344 0.400000 -1.000000 -101.000000 0.000000 0.000000
169 1598451345 0.200000 -1.000000 -101.000000 0.000000 0.000000
169 1598451346 0.200000 -1.000000 -101.000000 0.000000 0.000000
169 1598451347 0.200000 -1.000000 -101.000000 0.000000 0.000000
169 1598451348 0.200000 -1.000000 -101.000000 0.000000 0.000000
169 1598451349 0.200000 -1.000000 -101.000000 0.000000 0.000000
154 1598451343 0.400000 -1.000000 -101.000000 0.000000 0.000000
154 1598451344 0.400000 -1.000000 -101.000000 0.000000 0.000000
154 1598451345 0.400000 -1.000000 -101.000000 0.000000 0.000000
154 1598451346 0.400000 -1.000000 -101.000000 0.000000 0.000000
154 1598451347 0.400000 -1.000000 -101.000000 0.000000 0.000000
154 1598451348 0.400000 -1.000000 -101.000000 0.000000 0.000000
154 1598451349 0.400000 -1.000000 -101.000000 0.000000 0.000000
188 1598451288 0.200000 -1.000000 -101.000000 0.000000 0.000000
188 1598451289 0.200000 -1.000000 -101.000000 0.000000 0.000000
188 1598451315 0.200000 -1.000000 -101.000000 0.000000 0.000000
188 1598451316 0.200000 -1.000000 -101.000000 0.000000 0.000000
188 1598451317 0.200000 -1.000000 -101.000000 0.000000 0.000000
188 1598451318 0.200000 -1.000000 -101.000000 0.000000 0.000000
188 1598451319 0.200000 -1.000000 -101.000000 0.000000 0.000000
188 1598451345 0.200000 -1.000000 -101.000000 0.000000 0.000000
188 1598451346 0.200000 -1.000000 -101.000000 0.000000 0.000000
188 1598451347 0.200000 -1.000000 -101.000000 0.000000 0.000000
188 1598451348 0.200000 -1.000000 -101.000000 0.000000 0.000000
188 1598451349 0.200000 -1.000000 -101.000000 0.000000 0.000000
169 1598451370 0.200000 -1.000000 -101.000000 0.000000 0.000000
169 1598451371 0.200000 -1.000000 -101.000000 0.000000 0.000000
169 1598451372 0.200000 -1.000000 -101.000000 0.000000 0.000000
154 1598451370 0.200000 -1.000000 -101.000000 0.000000 0.000000
154 1598451371 0.200000 -1.000000 -101.000000 0.000000 0.000000
154 1598451372 0.200000 -1.000000 -101.000000 0.000000 0.000000
169 1598451373 0.200000 -1.000000 -101.000000 0.000000 0.000000
169 1598451374 0.200000 -1.000000 -101.000000 0.000000 0.000000
169 1598451375 0.200000 -1.000000 -101.000000 0.000000 0.000000
169 1598451376 0.200000 -1.000000 -101.000000 0.000000 0.000000
169 1598451377 0.200000 -1.000000 -101.000000 0.000000 0.000000
154 1598451373 0.200000 -1.000000 -101.000000 0.000000 0.000000
154 1598451374 0.200000 -1.000000 -101.000000 0.000000 0.000000
154 1598451375 0.200000 -1.000000 -101.000000 0.000000 0.000000
154 1598451376 0.200000 -1.000000 -101.000000 0.000000 0.000000
154 1598451377 0.200000 -1.000000 -101.000000 0.000000 0.000000
169 1598451378 0.200000 -1.000000 -101.000000 0.000000 0.000000
169 1598451379 0.200000 -1.000000 -101.000000 0.000000 0.000000
169 1598451390 0.400000 -1.000000 -101.000000 0.000000 0.000000
169 1598451391 0.400000 -1.000000 -101.000000 0.000000 0.000000
169 1598451392 0.400000 -1.000000 -101.000000 0.000000 0.000000
169 1598451393 0.400000 -1.000000 -101.000000 0.000000 0.000000
169 1598451394 0.400000 -1.000000 -101.000000 0.000000 0.000000
154 1598451378 0.200000 -1.000000 -101.000000 0.000000 0.000000
154 1598451379 0.200000 -1.000000 -101.000000 0.000000 0.000000
154 1598451390 0.400000 -1.000000 -101.000000 0.000000 0.000000
154 1598451391 0.400000 -1.000000 -101.000000 0.000000 0.000000
154 1598451392 0.400000 -1.000000 -101.000000 0.000000 0.000000
154 1598451393 0.400000 -1.000000 -101.000000 0.000000 0.000000
154 1598451394 0.400000 -1.000000 -101.000000 0.000000 0.000000
154 1598451400 0.400000 -1.000000 -101.000000 0.000000 0.000000
154 1598451401 0.400000 -1.000000 -101.000000 0.000000 0.000000
154 1598451402 0.400000 -1.000000 -101.000000 0.000000 0.000000
154 1598451403 0.400000 -1.000000 -101.000000 0.000000 0.000000
154 1598451404 0.400000 -1.000000 -101.000000 0.000000 0.000000
154 1598451410 0.400000 -1.000000 -101.000000 0.000000 0.000000
154 1598451411 0.400000 -1.000000 -101.000000 0.000000 0.000000
154 1598451412 0.400000 -1.000000 -101.000000 0.000000 0.000000
188 1598451410 0.200000 -1.000000 -101.000000 0.000000 0.000000
188 1598451411 0.200000 -1.000000 -101.000000 0.000000 0.000000
188 1598451412 0.200000 -1.000000 -101.000000 0.000000 0.000000
169 1598451400 0.400000 -1.000000 -101.000000 0.000000 0.000000
169 1598451401 0.400000 -1.000000 -101.000000 0.000000 0.000000
169 1598451402 0.400000 -1.000000 -101.000000 0.000000 0.000000
169 1598451403 0.400000 -1.000000 -101.000000 0.000000 0.000000
169 1598451404 0.400000 -1.000000 -101.000000 0.000000 0.000000
169 1598451410 0.200000 -1.000000 -101.000000 0.000000 0.000000
169 1598451411 0.200000 -1.000000 -101.000000 0.000000 0.000000
169 1598451412 0.200000 -1.000000 -101.000000 0.000000 0.000000
169 1598451413 0.200000 -1.000000 -101.000000 0.000000 0.000000
169 1598451414 0.200000 -1.000000 -101.000000 0.000000 0.000000
154 1598451413 0.400000 -1.000000 -101.000000 0.000000 0.000000
154 1598451414 0.400000 -1.000000 -101.000000 0.000000 0.000000
169 1598451420 0.200000 -1.000000 -101.000000 0.000000 0.000000
169 1598451421 0.200000 -1.000000 -101.000000 0.000000 0.000000
169 1598451422 0.200000 -1.000000 -101.000000 0.000000 0.000000
154 1598451420 0.200000 -1.000000 -101.000000 0.000000 0.000000
154 1598451421 0.200000 -1.000000 -101.000000 0.000000 0.000000
154 1598451422 0.200000 -1.000000 -101.000000 0.000000 0.000000
169 1598451423 0.200000 -1.000000 -101.000000 0.000000 0.000000
169 1598451424 0.200000 -1.000000 -101.000000 0.000000 0.000000
154 1598451423 0.200000 -1.000000 -101.000000 0.000000 0.000000
154 1598451424 0.200000 -1.000000 -101.000000 0.000000 0.000000
154 1598451425 0.200000 -1.000000 -101.000000 0.000000 0.000000
154 1598451426 0.200000 -1.000000 -101.000000 0.000000 0.000000
154 1598451427 0.200000 -1.000000 -101.000000 0.000000 0.000000
188 1598451413 0.200000 -1.000000 -101.000000 0.000000 0.000000
188 1598451414 0.200000 -1.000000 -101.000000 0.000000 0.000000
188 1598451425 0.200000 -1.000000 -101.000000 0.000000 0.000000
188 1598451426 0.200000 -1.000000 -101.000000 0.000000 0.000000
188 1598451427 0.200000 -1.000000 -101.000000 0.000000 0.000000
169 1598451430 0.200000 -1.000000 -101.000000 0.000000 0.000000
169 1598451431 0.200000 -1.000000 -101.000000 0.000000 0.000000
169 1598451432 0.200000 -1.000000 -101.000000 0.000000 0.000000
169 1598451433 0.200000 -1.000000 -101.000000 0.000000 0.000000
169 1598451434 0.200000 -1.000000 -101.000000 0.000000 0.000000
169 1598451435 0.200000 -1.000000 -101.000000 0.000000 0.000000
169 1598451436 0.200000 -1.000000 -101.000000 0.000000 0.000000
169 1598451437 0.200000 -1.000000 -101.000000 0.000000 0.000000
169 1598451438 0.200000 -1.000000 -101.000000 0.000000 0.000000
169 1598451439 0.200000 -1.000000 -101.000000 0.000000 0.000000
154 1598451428 0.200000 -1.000000 -101.000000 0.000000 0.000000
154 1598451429 0.200000 -1.000000 -101.000000 0.000000 0.000000
154 1598451430 0.400000 -1.000000 -101.000000 0.000000 0.000000
154 1598451431 0.400000 -1.000000 -101.000000 0.000000 0.000000
154 1598451432 0.400000 -1.000000 -101.000000 0.000000 0.000000
154 1598451433 0.400000 -1.000000 -101.000000 0.000000 0.000000
154 1598451434 0.400000 -1.000000 -101.000000 0.000000 0.000000
154 1598451435 0.200000 -1.000000 -101.000000 0.000000 0.000000
154 1598451436 0.200000 -1.000000 -101.000000 0.000000 0.000000
154 1598451437 0.200000 -1.000000 -101.000000 0.000000 0.000000
154 1598451438 0.200000 -1.000000 -101.000000 0.000000 0.000000
154 1598451439 0.200000 -1.000000 -101.000000 0.000000 0.000000
169 1598451455 0.200000 -1.000000 -101.000000 0.000000 0.000000
169 1598451456 0.200000 -1.000000 -101.000000 0.000000 0.000000
169 1598451457 0.200000 -1.000000 -101.000000 0.000000 0.000000
154 1598451455 0.400000 -1.000000 -101.000000 0.000000 0.000000
154 1598451456 0.400000 -1.000000 -101.000000 0.000000 0.000000
154 1598451457 0.400000 -1.000000 -101.000000 0.000000 0.000000
199 1598451354 0.200000 -1.000000 0.200000 0.200000 0.008000
199 1598451353 0.200000 -1.000000 0.200000 0.200000 0.008000
199 1598451352 0.200000 -1.000000 0.200000 0.200000 0.008000
199 1598451351 0.200000 -1.000000 0.200000 0.200000 0.008000
199 1598451350 0.200000 -1.000000 0.200000 0.200000 0.008000
197 1598451354 0.200000 -1.000000 0.200000 0.200000 0.008000
197 1598451353 0.200000 -1.000000 0.200000 0.200000 0.008000
197 1598451352 0.200000 -1.000000 0.200000 0.200000 0.008000
197 1598451351 0.200000 -1.000000 0.200000 0.200000 0.008000
197 1598451350 0.200000 -1.000000 0.200000 0.200000 0.008000
188 1598451489 0.200000 -1.000000 0.200000 0.200000 0.008000
188 1598451488 0.200000 -1.000000 0.200000 0.200000 0.008000
188 1598451487 0.200000 -1.000000 0.200000 0.200000 0.008000
188 1598451486 0.200000 -1.000000 0.200000 0.200000 0.008000
188 1598451485 0.200000 -1.000000 0.200000 0.200000 0.008000
188 1598451474 0.200000 -1.000000 0.200000 0.200000 0.008000
188 1598451473 0.200000 -1.000000 0.200000 0.200000 0.008000
188 1598451472 0.200000 -1.000000 0.200000 0.200000 0.008000
188 1598451471 0.200000 -1.000000 0.200000 0.200000 0.008000
188 1598451470 0.200000 -1.000000 0.200000 0.200000 0.008000
188 1598451459 0.200000 -1.000000 0.200000 0.200000 0.008000
188 1598451458 0.200000 -1.000000 0.200000 0.200000 0.008000
188 1598451457 0.200000 -1.000000 0.200000 0.200000 0.008000
188 1598451456 0.200000 -1.000000 0.200000 0.200000 0.008000
188 1598451455 0.200000 -1.000000 0.200000 0.200000 0.008000
188 1598451434 0.200000 -1.000000 0.200000 0.200000 0.008000
188 1598451433 0.200000 -1.000000 0.200000 0.200000 0.008000
188 1598451432 0.200000 -1.000000 0.200000 0.200000 0.008000
188 1598451431 0.200000 -1.000000 0.200000 0.200000 0.008000
188 1598451430 0.200000 -1.000000 0.200000 0.200000 0.008000
188 1598451429 0.200000 -1.000000 0.200000 0.200000 0.008000
188 1598451428 0.200000 -1.000000 0.200000 0.200000 0.008000
175 1598451374 0.200000 -1.000000 0.200000 0.200000 0.008000
175 1598451373 0.200000 -1.000000 0.200000 0.200000 0.008000
175 1598451372 0.200000 -1.000000 0.200000 0.200000 0.008000
175 1598451371 0.200000 -1.000000 0.200000 0.200000 0.008000
175 1598451370 0.200000 -1.000000 0.200000 0.200000 0.008000
163 1598449789 0.200000 -1.000000 0.200000 0.200000 0.008000
163 1598449788 0.200000 -1.000000 0.200000 0.200000 0.008000
163 1598449787 0.200000 -1.000000 0.200000 0.200000 0.008000
163 1598449786 0.200000 -1.000000 0.200000 0.200000 0.008000
163 1598449785 0.200000 -1.000000 0.200000 0.200000 0.008000
154 1598451519 0.400000 -1.000000 0.400000 0.400000 0.032000
154 1598451518 0.400000 -1.000000 0.400000 0.400000 0.032000
154 1598451517 0.400000 -1.000000 0.400000 0.400000 0.032000
154 1598451516 0.400000 -1.000000 0.400000 0.400000 0.032000
154 1598451515 0.400000 -1.000000 0.400000 0.400000 0.032000
154 1598451509 0.200000 -1.000000 0.200000 0.200000 0.008000
154 1598451508 0.200000 -1.000000 0.200000 0.200000 0.008000
154 1598451507 0.200000 -1.000000 0.200000 0.200000 0.008000
154 1598451506 0.200000 -1.000000 0.200000 0.200000 0.008000
154 1598451505 0.200000 -1.000000 0.200000 0.200000 0.008000
154 1598451489 0.400000 -1.000000 0.400000 0.400000 0.032000
154 1598451488 0.400000 -1.000000 0.400000 0.400000 0.032000
154 1598451487 0.400000 -1.000000 0.400000 0.400000 0.032000
154 1598451486 0.400000 -1.000000 0.400000 0.400000 0.032000
154 1598451485 0.400000 -1.000000 0.400000 0.400000 0.032000
154 1598451484 0.200000 -1.000000 0.200000 0.200000 0.008000
154 1598451483 0.200000 -1.000000 0.200000 0.200000 0.008000
154 1598451482 0.200000 -1.000000 0.200000 0.200000 0.008000
154 1598451481 0.200000 -1.000000 0.200000 0.200000 0.008000
154 1598451480 0.200000 -1.000000 0.200000 0.200000 0.008000
154 1598451479 0.200000 -1.000000 0.200000 0.200000 0.008000
154 1598451478 0.200000 -1.000000 0.200000 0.200000 0.008000
154 1598451477 0.200000 -1.000000 0.200000 0.200000 0.008000
154 1598451476 0.200000 -1.000000 0.200000 0.200000 0.008000
154 1598451475 0.200000 -1.000000 0.200000 0.200000 0.008000
154 1598451474 0.200000 -1.000000 0.200000 0.200000 0.008000
154 1598451473 0.200000 -1.000000 0.200000 0.200000 0.008000
154 1598451472 0.200000 -1.000000 0.200000 0.200000 0.008000
154 1598451471 0.200000 -1.000000 0.200000 0.200000 0.008000
154 1598451470 0.200000 -1.000000 0.200000 0.200000 0.008000
154 1598451459 0.400000 -1.000000 0.400000 0.400000 0.032000
154 1598451458 0.400000 -1.000000 0.400000 0.400000 0.032000
195 1598451354 0.200000 -1.000000 0.200000 0.200000 0.008000
195 1598451353 0.200000 -1.000000 0.200000 0.200000 0.008000
195 1598451352 0.200000 -1.000000 0.200000 0.200000 0.008000
195 1598451351 0.200000 -1.000000 0.200000 0.200000 0.008000
195 1598451350 0.200000 -1.000000 0.200000 0.200000 0.008000
177 1598451374 0.200000 -1.000000 0.200000 0.200000 0.008000
177 1598451373 0.200000 -1.000000 0.200000 0.200000 0.008000
177 1598451372 0.200000 -1.000000 0.200000 0.200000 0.008000
177 1598451371 0.200000 -1.000000 0.200000 0.200000 0.008000
177 1598451370 0.200000 -1.000000 0.200000 0.200000 0.008000
193 1598451354 0.200000 -1.000000 0.200000 0.200000 0.008000
193 1598451353 0.200000 -1.000000 0.200000 0.200000 0.008000
193 1598451352 0.200000 -1.000000 0.200000 0.200000 0.008000
193 1598451351 0.200000 -1.000000 0.200000 0.200000 0.008000
193 1598451350 0.200000 -1.000000 0.200000 0.200000 0.008000
157 1598450934 0.200000 -1.000000 0.200000 0.200000 0.008000
157 1598450933 0.200000 -1.000000 0.200000 0.200000 0.008000
157 1598450932 0.200000 -1.000000 0.200000 0.200000 0.008000
157 1598450931 0.200000 -1.000000 0.200000 0.200000 0.008000
157 1598450930 0.200000 -1.000000 0.200000 0.200000 0.008000
169 1598451519 0.400000 -1.000000 0.400000 0.400000 0.032000
169 1598451518 0.400000 -1.000000 0.400000 0.400000 0.032000
169 1598451517 0.400000 -1.000000 0.400000 0.400000 0.032000
169 1598451516 0.400000 -1.000000 0.400000 0.400000 0.032000
169 1598451515 0.400000 -1.000000 0.400000 0.400000 0.032000
169 1598451509 0.200000 -1.000000 0.200000 0.200000 0.008000
169 1598451508 0.200000 -1.000000 0.200000 0.200000 0.008000
169 1598451507 0.200000 -1.000000 0.200000 0.200000 0.008000
169 1598451506 0.200000 -1.000000 0.200000 0.200000 0.008000
169 1598451505 0.200000 -1.000000 0.200000 0.200000 0.008000
169 1598451489 0.200000 -1.000000 0.200000 0.200000 0.008000
169 1598451488 0.200000 -1.000000 0.200000 0.200000 0.008000
169 1598451487 0.200000 -1.000000 0.200000 0.200000 0.008000
169 1598451486 0.200000 -1.000000 0.200000 0.200000 0.008000
169 1598451485 0.200000 -1.000000 0.200000 0.200000 0.008000
169 1598451484 0.200000 -1.000000 0.200000 0.200000 0.008000
169 1598451483 0.200000 -1.000000 0.200000 0.200000 0.008000
169 1598451482 0.200000 -1.000000 0.200000 0.200000 0.008000
169 1598451481 0.200000 -1.000000 0.200000 0.200000 0.008000
169 1598451480 0.200000 -1.000000 0.200000 0.200000 0.008000
169 1598451479 0.200000 -1.000000 0.200000 0.200000 0.008000
169 1598451478 0.200000 -1.000000 0.200000 0.200000 0.008000
169 1598451477 0.200000 -1.000000 0.200000 0.200000 0.008000
169 1598451476 0.200000 -1.000000 0.200000 0.200000 0.008000
169 1598451475 0.200000 -1.000000 0.200000 0.200000 0.008000
169 1598451459 0.200000 -1.000000 0.200000 0.200000 0.008000
169 1598451458 0.200000 -1.000000 0.200000 0.200000 0.008000
169 1598451458 0.200000 -1.000000 -101.000000 0.000000 0.000000
169 1598451459 0.200000 -1.000000 -101.000000 0.000000 0.000000
154 1598451458 0.400000 -1.000000 -101.000000 0.000000 0.000000
154 1598451459 0.400000 -1.000000 -101.000000 0.000000 0.000000
169 1598451475 0.200000 -1.000000 -101.000000 0.000000 0.000000
169 1598451476 0.200000 -1.000000 -101.000000 0.000000 0.000000
169 1598451477 0.200000 -1.000000 -101.000000 0.000000 0.000000
154 1598451470 0.200000 -1.000000 -101.000000 0.000000 0.000000
154 1598451471 0.200000 -1.000000 -101.000000 0.000000 0.000000
154 1598451472 0.200000 -1.000000 -101.000000 0.000000 0.000000
154 1598451473 0.200000 -1.000000 -101.000000 0.000000 0.000000
154 1598451474 0.200000 -1.000000 -101.000000 0.000000 0.000000
154 1598451475 0.200000 -1.000000 -101.000000 0.000000 0.000000
154 1598451476 0.200000 -1.000000 -101.000000 0.000000 0.000000
154 1598451477 0.200000 -1.000000 -101.000000 0.000000 0.000000
169 1598451478 0.200000 -1.000000 -101.000000 0.000000 0.000000
169 1598451479 0.200000 -1.000000 -101.000000 0.000000 0.000000
169 1598451480 0.200000 -1.000000 -101.000000 0.000000 0.000000
169 1598451481 0.200000 -1.000000 -101.000000 0.000000 0.000000
169 1598451482 0.200000 -1.000000 -101.000000 0.000000 0.000000
154 1598451478 0.200000 -1.000000 -101.000000 0.000000 0.000000
154 1598451479 0.200000 -1.000000 -101.000000 0.000000 0.000000
154 1598451480 0.200000 -1.000000 -101.000000 0.000000 0.000000
154 1598451481 0.200000 -1.000000 -101.000000 0.000000 0.000000
154 1598451482 0.200000 -1.000000 -101.000000 0.000000 0.000000
169 1598451483 0.200000 -1.000000 -101.000000 0.000000 0.000000
169 1598451484 0.200000 -1.000000 -101.000000 0.000000 0.000000
169 1598451485 0.200000 -1.000000 -101.000000 0.000000 0.000000
169 1598451486 0.200000 -1.000000 -101.000000 0.000000 0.000000
169 1598451487 0.200000 -1.000000 -101.000000 0.000000 0.000000
169 1598451488 0.200000 -1.000000 -101.000000 0.000000 0.000000
169 1598451489 0.200000 -1.000000 -101.000000 0.000000 0.000000
169 1598451505 0.200000 -1.000000 -101.000000 0.000000 0.000000
169 1598451506 0.200000 -1.000000 -101.000000 0.000000 0.000000
169 1598451507 0.200000 -1.000000 -101.000000 0.000000 0.000000
154 1598451483 0.200000 -1.000000 -101.000000 0.000000 0.000000
154 1598451484 0.200000 -1.000000 -101.000000 0.000000 0.000000
154 1598451485 0.400000 -1.000000 -101.000000 0.000000 0.000000
154 1598451486 0.400000 -1.000000 -101.000000 0.000000 0.000000
154 1598451487 0.400000 -1.000000 -101.000000 0.000000 0.000000
154 1598451488 0.400000 -1.000000 -101.000000 0.000000 0.000000
154 1598451489 0.400000 -1.000000 -101.000000 0.000000 0.000000
154 1598451505 0.200000 -1.000000 -101.000000 0.000000 0.000000
154 1598451506 0.200000 -1.000000 -101.000000 0.000000 0.000000
154 1598451507 0.200000 -1.000000 -101.000000 0.000000 0.000000
169 1598451508 0.200000 -1.000000 -101.000000 0.000000 0.000000
169 1598451509 0.200000 -1.000000 -101.000000 0.000000 0.000000
154 1598451508 0.200000 -1.000000 -101.000000 0.000000 0.000000
154 1598451509 0.200000 -1.000000 -101.000000 0.000000 0.000000
169 1598451515 0.400000 -1.000000 -101.000000 0.000000 0.000000
169 1598451516 0.400000 -1.000000 -101.000000 0.000000 0.000000
169 1598451517 0.400000 -1.000000 -101.000000 0.000000 0.000000
154 1598451515 0.400000 -1.000000 -101.000000 0.000000 0.000000
154 1598451516 0.400000 -1.000000 -101.000000 0.000000 0.000000
154 1598451517 0.400000 -1.000000 -101.000000 0.000000 0.000000
169 1598451518 0.400000 -1.000000 -101.000000 0.000000 0.000000
169 1598451519 0.400000 -1.000000 -101.000000 0.000000 0.000000
169 1598451520 0.200000 -1.000000 -101.000000 0.000000 0.000000
169 1598451521 0.200000 -1.000000 -101.000000 0.000000 0.000000
169 1598451522 0.200000 -1.000000 -101.000000 0.000000 0.000000
169 1598451523 0.200000 -1.000000 -101.000000 0.000000 0.000000
169 1598451524 0.200000 -1.000000 -101.000000 0.000000 0.000000
154 1598451518 0.400000 -1.000000 -101.000000 0.000000 0.000000
154 1598451519 0.400000 -1.000000 -101.000000 0.000000 0.000000
154 1598451520 0.200000 -1.000000 -101.000000 0.000000 0.000000
154 1598451521 0.200000 -1.000000 -101.000000 0.000000 0.000000
154 1598451522 0.200000 -1.000000 -101.000000 0.000000 0.000000
154 1598451523 0.200000 -1.000000 -101.000000 0.000000 0.000000
154 1598451524 0.200000 -1.000000 -101.000000 0.000000 0.000000
169 1598451535 0.200000 -1.000000 -101.000000 0.000000 0.000000
169 1598451536 0.200000 -1.000000 -101.000000 0.000000 0.000000
169 1598451537 0.200000 -1.000000 -101.000000 0.000000 0.000000
154 1598451535 0.200000 -1.000000 -101.000000 0.000000 0.000000
154 1598451536 0.200000 -1.000000 -101.000000 0.000000 0.000000
154 1598451537 0.200000 -1.000000 -101.000000 0.000000 0.000000
169 1598451538 0.200000 -1.000000 -101.000000 0.000000 0.000000
169 1598451539 0.200000 -1.000000 -101.000000 0.000000 0.000000
169 1598451540 0.200000 -1.000000 -101.000000 0.000000 0.000000
169 1598451541 0.200000 -1.000000 -101.000000 0.000000 0.000000
169 1598451542 0.200000 -1.000000 -101.000000 0.000000 0.000000
169 1598451543 0.200000 -1.000000 -101.000000 0.000000 0.000000
169 1598451544 0.200000 -1.000000 -101.000000 0.000000 0.000000
154 1598451538 0.200000 -1.000000 -101.000000 0.000000 0.000000
154 1598451539 0.200000 -1.000000 -101.000000 0.000000 0.000000
154 1598451540 0.200000 -1.000000 -101.000000 0.000000 0.000000
154 1598451541 0.200000 -1.000000 -101.000000 0.000000 0.000000
154 1598451542 0.200000 -1.000000 -101.000000 0.000000 0.000000
154 1598451543 0.200000 -1.000000 -101.000000 0.000000 0.000000
154 1598451544 0.200000 -1.000000 -101.000000 0.000000 0.000000
188 1598451428 0.200000 -1.000000 -101.000000 0.000000 0.000000
188 1598451429 0.200000 -1.000000 -101.000000 0.000000 0.000000
188 1598451430 0.200000 -1.000000 -101.000000 0.000000 0.000000
188 1598451431 0.200000 -1.000000 -101.000000 0.000000 0.000000
188 1598451432 0.200000 -1.000000 -101.000000 0.000000 0.000000
188 1598451433 0.200000 -1.000000 -101.000000 0.000000 0.000000
188 1598451434 0.200000 -1.000000 -101.000000 0.000000 0.000000
188 1598451455 0.200000 -1.000000 -101.000000 0.000000 0.000000
188 1598451456 0.200000 -1.000000 -101.000000 0.000000 0.000000
188 1598451457 0.200000 -1.000000 -101.000000 0.000000 0.000000
188 1598451458 0.200000 -1.000000 -101.000000 0.000000 0.000000
188 1598451459 0.200000 -1.000000 -101.000000 0.000000 0.000000
188 1598451470 0.200000 -1.000000 -101.000000 0.000000 0.000000
188 1598451471 0.200000 -1.000000 -101.000000 0.000000 0.000000
188 1598451472 0.200000 -1.000000 -101.000000 0.000000 0.000000
188 1598451473 0.200000 -1.000000 -101.000000 0.000000 0.000000
188 1598451474 0.200000 -1.000000 -101.000000 0.000000 0.000000
188 1598451485 0.200000 -1.000000 -101.000000 0.000000 0.000000
188 1598451486 0.200000 -1.000000 -101.000000 0.000000 0.000000
188 1598451487 0.200000 -1.000000 -101.000000 0.000000 0.000000
188 1598451488 0.200000 -1.000000 -101.000000 0.000000 0.000000
188 1598451489 0.200000 -1.000000 -101.000000 0.000000 0.000000
154 1598451565 0.400000 -1.000000 -101.000000 0.000000 0.000000
154 1598451566 0.400000 -1.000000 -101.000000 0.000000 0.000000
154 1598451567 0.400000 -1.000000 -101.000000 0.000000 0.000000
154 1598451568 0.400000 -1.000000 -101.000000 0.000000 0.000000
154 1598451569 0.400000 -1.000000 -101.000000 0.000000 0.000000
154 1598451570 0.200000 -1.000000 -101.000000 0.000000 0.000000
154 1598451571 0.200000 -1.000000 -101.000000 0.000000 0.000000
154 1598451572 0.200000 -1.000000 -101.000000 0.000000 0.000000
154 1598451573 0.200000 -1.000000 -101.000000 0.000000 0.000000
154 1598451574 0.200000 -1.000000 -101.000000 0.000000 0.000000
154 1598451575 0.400000 -1.000000 -101.000000 0.000000 0.000000
154 1598451576 0.400000 -1.000000 -101.000000 0.000000 0.000000
154 1598451577 0.400000 -1.000000 -101.000000 0.000000 0.000000
154 1598451578 0.400000 -1.000000 -101.000000 0.000000 0.000000
154 1598451579 0.400000 -1.000000 -101.000000 0.000000 0.000000
154 1598451580 0.200000 -1.000000 -101.000000 0.000000 0.000000
154 1598451581 0.200000 -1.000000 -101.000000 0.000000 0.000000
154 1598451582 0.200000 -1.000000 -101.000000 0.000000 0.000000
154 1598451583 0.200000 -1.000000 -101.000000 0.000000 0.000000
154 1598451584 0.200000 -1.000000 -101.000000 0.000000 0.000000
169 1598451565 0.400000 -1.000000 -101.000000 0.000000 0.000000
169 1598451566 0.400000 -1.000000 -101.000000 0.000000 0.000000
169 1598451567 0.400000 -1.000000 -101.000000 0.000000 0.000000
169 1598451568 0.400000 -1.000000 -101.000000 0.000000 0.000000
169 1598451569 0.400000 -1.000000 -101.000000 0.000000 0.000000
169 1598451570 0.200000 -1.000000 -101.000000 0.000000 0.000000
169 1598451571 0.200000 -1.000000 -101.000000 0.000000 0.000000
169 1598451572 0.200000 -1.000000 -101.000000 0.000000 0.000000
169 1598451573 0.200000 -1.000000 -101.000000 0.000000 0.000000
169 1598451574 0.200000 -1.000000 -101.000000 0.000000 0.000000
169 1598451575 0.400000 -1.000000 -101.000000 0.000000 0.000000
169 1598451576 0.400000 -1.000000 -101.000000 0.000000 0.000000
169 1598451577 0.400000 -1.000000 -101.000000 0.000000 0.000000
169 1598451578 0.400000 -1.000000 -101.000000 0.000000 0.000000
169 1598451579 0.400000 -1.000000 -101.000000 0.000000 0.000000
169 1598451580 0.200000 -1.000000 -101.000000 0.000000 0.000000
169 1598451581 0.200000 -1.000000 -101.000000 0.000000 0.000000
169 1598451582 0.200000 -1.000000 -101.000000 0.000000 0.000000
169 1598451583 0.200000 -1.000000 -101.000000 0.000000 0.000000
169 1598451584 0.200000 -1.000000 -101.000000 0.000000 0.000000
169 1598451595 0.200000 -1.000000 -101.000000 0.000000 0.000000
169 1598451596 0.200000 -1.000000 -101.000000 0.000000 0.000000
169 1598451597 0.200000 -1.000000 -101.000000 0.000000 0.000000
169 1598451598 0.200000 -1.000000 -101.000000 0.000000 0.000000
169 1598451599 0.200000 -1.000000 -101.000000 0.000000 0.000000
169 1598451605 0.200000 -1.000000 -101.000000 0.000000 0.000000
169 1598451606 0.200000 -1.000000 -101.000000 0.000000 0.000000
169 1598451607 0.200000 -1.000000 -101.000000 0.000000 0.000000
169 1598451608 0.200000 -1.000000 -101.000000 0.000000 0.000000
169 1598451609 0.200000 -1.000000 -101.000000 0.000000 0.000000
169 1598451610 0.200000 -1.000000 -101.000000 0.000000 0.000000
169 1598451611 0.200000 -1.000000 -101.000000 0.000000 0.000000
169 1598451612 0.200000 -1.000000 -101.000000 0.000000 0.000000
154 1598451595 0.200000 -1.000000 -101.000000 0.000000 0.000000
154 1598451596 0.200000 -1.000000 -101.000000 0.000000 0.000000
154 1598451597 0.200000 -1.000000 -101.000000 0.000000 0.000000
154 1598451598 0.200000 -1.000000 -101.000000 0.000000 0.000000
154 1598451599 0.200000 -1.000000 -101.000000 0.000000 0.000000
154 1598451605 0.200000 -1.000000 -101.000000 0.000000 0.000000
154 1598451606 0.200000 -1.000000 -101.000000 0.000000 0.000000
154 1598451607 0.200000 -1.000000 -101.000000 0.000000 0.000000
154 1598451608 0.200000 -1.000000 -101.000000 0.000000 0.000000
154 1598451609 0.200000 -1.000000 -101.000000 0.000000 0.000000
154 1598451610 0.400000 -1.000000 -101.000000 0.000000 0.000000
154 1598451611 0.400000 -1.000000 -101.000000 0.000000 0.000000
154 1598451612 0.400000 -1.000000 -101.000000 0.000000 0.000000
169 1598451613 0.200000 -1.000000 -101.000000 0.000000 0.000000
169 1598451614 0.200000 -1.000000 -101.000000 0.000000 0.000000
154 1598451613 0.400000 -1.000000 -101.000000 0.000000 0.000000
154 1598451614 0.400000 -1.000000 -101.000000 0.000000 0.000000
154 1598451625 0.200000 -1.000000 -101.000000 0.000000 0.000000
154 1598451626 0.200000 -1.000000 -101.000000 0.000000 0.000000
154 1598451627 0.200000 -1.000000 -101.000000 0.000000 0.000000
154 1598451628 0.200000 -1.000000 -101.000000 0.000000 0.000000
154 1598451629 0.200000 -1.000000 -101.000000 0.000000 0.000000
154 1598451645 0.200000 -1.000000 -101.000000 0.000000 0.000000
154 1598451646 0.200000 -1.000000 -101.000000 0.000000 0.000000
154 1598451647 0.200000 -1.000000 -101.000000 0.000000 0.000000
188 1598451610 0.200000 -1.000000 -101.000000 0.000000 0.000000
188 1598451611 0.200000 -1.000000 -101.000000 0.000000 0.000000
188 1598451612 0.200000 -1.000000 -101.000000 0.000000 0.000000
188 1598451613 0.200000 -1.000000 -101.000000 0.000000 0.000000
188 1598451614 0.200000 -1.000000 -101.000000 0.000000 0.000000
188 1598451625 0.200000 -1.000000 -101.000000 0.000000 0.000000
188 1598451626 0.200000 -1.000000 -101.000000 0.000000 0.000000
188 1598451627 0.200000 -1.000000 -101.000000 0.000000 0.000000
188 1598451628 0.200000 -1.000000 -101.000000 0.000000 0.000000
188 1598451629 0.200000 -1.000000 -101.000000 0.000000 0.000000
188 1598451645 0.200000 -1.000000 -101.000000 0.000000 0.000000
188 1598451646 0.200000 -1.000000 -101.000000 0.000000 0.000000
188 1598451647 0.200000 -1.000000 -101.000000 0.000000 0.000000
154 1598451648 0.200000 -1.000000 -101.000000 0.000000 0.000000
154 1598451649 0.200000 -1.000000 -101.000000 0.000000 0.000000
169 1598451665 0.200000 -1.000000 -101.000000 0.000000 0.000000
169 1598451666 0.200000 -1.000000 -101.000000 0.000000 0.000000
169 1598451667 0.200000 -1.000000 -101.000000 0.000000 0.000000
169 1598451668 0.200000 -1.000000 -101.000000 0.000000 0.000000
169 1598451669 0.200000 -1.000000 -101.000000 0.000000 0.000000
169 1598451670 0.200000 -1.000000 -101.000000 0.000000 0.000000
169 1598451671 0.200000 -1.000000 -101.000000 0.000000 0.000000
169 1598451672 0.200000 -1.000000 -101.000000 0.000000 0.000000
169 1598451673 0.200000 -1.000000 -101.000000 0.000000 0.000000
169 1598451674 0.200000 -1.000000 -101.000000 0.000000 0.000000
154 1598451665 0.200000 -1.000000 -101.000000 0.000000 0.000000
154 1598451666 0.200000 -1.000000 -101.000000 0.000000 0.000000
154 1598451667 0.200000 -1.000000 -101.000000 0.000000 0.000000
154 1598451668 0.200000 -1.000000 -101.000000 0.000000 0.000000
154 1598451669 0.200000 -1.000000 -101.000000 0.000000 0.000000
154 1598451670 0.200000 -1.000000 -101.000000 0.000000 0.000000
154 1598451671 0.200000 -1.000000 -101.000000 0.000000 0.000000
154 1598451672 0.200000 -1.000000 -101.000000 0.000000 0.000000
154 1598451673 0.200000 -1.000000 -101.000000 0.000000 0.000000
154 1598451674 0.200000 -1.000000 -101.000000 0.000000 0.000000
188 1598451648 0.200000 -1.000000 -101.000000 0.000000 0.000000
188 1598451649 0.200000 -1.000000 -101.000000 0.000000 0.000000
154 1598451695 0.200000 -1.000000 -101.000000 0.000000 0.000000
154 1598451696 0.200000 -1.000000 -101.000000 0.000000 0.000000
154 1598451697 0.200000 -1.000000 -101.000000 0.000000 0.000000
154 1598451698 0.200000 -1.000000 -101.000000 0.000000 0.000000
154 1598451699 0.200000 -1.000000 -101.000000 0.000000 0.000000
154 1598451700 0.200000 -1.000000 -101.000000 0.000000 0.000000
154 1598451701 0.200000 -1.000000 -101.000000 0.000000 0.000000
154 1598451702 0.200000 -1.000000 -101.000000 0.000000 0.000000
154 1598451703 0.200000 -1.000000 -101.000000 0.000000 0.000000
154 1598451704 0.200000 -1.000000 -101.000000 0.000000 0.000000
154 1598451705 0.200000 -1.000000 -101.000000 0.000000 0.000000
154 1598451706 0.200000 -1.000000 -101.000000 0.000000 0.000000
154 1598451707 0.200000 -1.000000 -101.000000 0.000000 0.000000
154 1598451708 0.200000 -1.000000 -101.000000 0.000000 0.000000
154 1598451709 0.200000 -1.000000 -101.000000 0.000000 0.000000
154 1598451720 0.200000 -1.000000 -101.000000 0.000000 0.000000
154 1598451721 0.200000 -1.000000 -101.000000 0.000000 0.000000
154 1598451722 0.200000 -1.000000 -101.000000 0.000000 0.000000
154 1598451723 0.200000 -1.000000 -101.000000 0.000000 0.000000
154 1598451724 0.200000 -1.000000 -101.000000 0.000000 0.000000
199 1598451354 0.200000 -1.000000 0.200000 0.200000 0.008000
199 1598451353 0.200000 -1.000000 0.200000 0.200000 0.008000
199 1598451352 0.200000 -1.000000 0.200000 0.200000 0.008000
199 1598451351 0.200000 -1.000000 0.200000 0.200000 0.008000
199 1598451350 0.200000 -1.000000 0.200000 0.200000 0.008000
197 1598451354 0.200000 -1.000000 0.200000 0.200000 0.008000
197 1598451353 0.200000 -1.000000 0.200000 0.200000 0.008000
197 1598451352 0.200000 -1.000000 0.200000 0.200000 0.008000
197 1598451351 0.200000 -1.000000 0.200000 0.200000 0.008000
197 1598451350 0.200000 -1.000000 0.200000 0.200000 0.008000
188 1598451754 0.200000 -1.000000 0.200000 0.200000 0.008000
188 1598451753 0.200000 -1.000000 0.200000 0.200000 0.008000
188 1598451752 0.200000 -1.000000 0.200000 0.200000 0.008000
188 1598451751 0.200000 -1.000000 0.200000 0.200000 0.008000
188 1598451750 0.200000 -1.000000 0.200000 0.200000 0.008000
188 1598451704 0.200000 -1.000000 0.200000 0.200000 0.008000
188 1598451703 0.200000 -1.000000 0.200000 0.200000 0.008000
188 1598451702 0.200000 -1.000000 0.200000 0.200000 0.008000
188 1598451701 0.200000 -1.000000 0.200000 0.200000 0.008000
188 1598451700 0.200000 -1.000000 0.200000 0.200000 0.008000
204 1598451799 0.200000 -1.000000 0.200000 0.200000 0.008000
204 1598451798 0.200000 -1.000000 0.200000 0.200000 0.008000
204 1598451797 0.200000 -1.000000 0.200000 0.200000 0.008000
204 1598451796 0.200000 -1.000000 0.200000 0.200000 0.008000
204 1598451795 0.200000 -1.000000 0.200000 0.200000 0.008000
175 1598451374 0.200000 -1.000000 0.200000 0.200000 0.008000
175 1598451373 0.200000 -1.000000 0.200000 0.200000 0.008000
175 1598451372 0.200000 -1.000000 0.200000 0.200000 0.008000
175 1598451371 0.200000 -1.000000 0.200000 0.200000 0.008000
175 1598451370 0.200000 -1.000000 0.200000 0.200000 0.008000
163 1598449789 0.200000 -1.000000 0.200000 0.200000 0.008000
163 1598449788 0.200000 -1.000000 0.200000 0.200000 0.008000
163 1598449787 0.200000 -1.000000 0.200000 0.200000 0.008000
163 1598449786 0.200000 -1.000000 0.200000 0.200000 0.008000
163 1598449785 0.200000 -1.000000 0.200000 0.200000 0.008000
154 1598451799 0.200000 -1.000000 0.200000 0.200000 0.008000
154 1598451798 0.200000 -1.000000 0.200000 0.200000 0.008000
154 1598451797 0.200000 -1.000000 0.200000 0.200000 0.008000
154 1598451796 0.200000 -1.000000 0.200000 0.200000 0.008000
154 1598451795 0.200000 -1.000000 0.200000 0.200000 0.008000
154 1598451754 0.600000 -1.000000 0.600000 0.600000 0.072000
154 1598451753 0.600000 -1.000000 0.600000 0.600000 0.072000
154 1598451752 0.600000 -1.000000 0.600000 0.600000 0.072000
154 1598451751 0.600000 -1.000000 0.600000 0.600000 0.072000
154 1598451750 0.600000 -1.000000 0.600000 0.600000 0.072000
195 1598451354 0.200000 -1.000000 0.200000 0.200000 0.008000
195 1598451353 0.200000 -1.000000 0.200000 0.200000 0.008000
195 1598451352 0.200000 -1.000000 0.200000 0.200000 0.008000
195 1598451351 0.200000 -1.000000 0.200000 0.200000 0.008000
195 1598451350 0.200000 -1.000000 0.200000 0.200000 0.008000
177 1598451374 0.200000 -1.000000 0.200000 0.200000 0.008000
177 1598451373 0.200000 -1.000000 0.200000 0.200000 0.008000
177 1598451372 0.200000 -1.000000 0.200000 0.200000 0.008000
177 1598451371 0.200000 -1.000000 0.200000 0.200000 0.008000
177 1598451370 0.200000 -1.000000 0.200000 0.200000 0.008000
193 1598451354 0.200000 -1.000000 0.200000 0.200000 0.008000
193 1598451353 0.200000 -1.000000 0.200000 0.200000 0.008000
193 1598451352 0.200000 -1.000000 0.200000 0.200000 0.008000
193 1598451351 0.200000 -1.000000 0.200000 0.200000 0.008000
193 1598451350 0.200000 -1.000000 0.200000 0.200000 0.008000
157 1598450934 0.200000 -1.000000 0.200000 0.200000 0.008000
157 1598450933 0.200000 -1.000000 0.200000 0.200000 0.008000
157 1598450932 0.200000 -1.000000 0.200000 0.200000 0.008000
157 1598450931 0.200000 -1.000000 0.200000 0.200000 0.008000
157 1598450930 0.200000 -1.000000 0.200000 0.200000 0.008000
169 1598451754 0.400000 -1.000000 0.400000 0.400000 0.032000
169 1598451753 0.400000 -1.000000 0.400000 0.400000 0.032000
169 1598451752 0.400000 -1.000000 0.400000 0.400000 0.032000
169 1598451751 0.400000 -1.000000 0.400000 0.400000 0.032000
169 1598451750 0.400000 -1.000000 0.400000 0.400000 0.032000
169 1598451724 0.200000 -1.000000 0.200000 0.200000 0.008000
169 1598451723 0.200000 -1.000000 0.200000 0.200000 0.008000
169 1598451722 0.200000 -1.000000 0.200000 0.200000 0.008000
169 1598451721 0.200000 -1.000000 0.200000 0.200000 0.008000
169 1598451720 0.200000 -1.000000 0.200000 0.200000 0.008000
169 1598451709 0.200000 -1.000000 0.200000 0.200000 0.008000
169 1598451708 0.200000 -1.000000 0.200000 0.200000 0.008000
169 1598451707 0.200000 -1.000000 0.200000 0.200000 0.008000
169 1598451706 0.200000 -1.000000 0.200000 0.200000 0.008000
169 1598451705 0.200000 -1.000000 0.200000 0.200000 0.008000
169 1598451699 0.200000 -1.000000 0.200000 0.200000 0.008000
169 1598451698 0.200000 -1.000000 0.200000 0.200000 0.008000
169 1598451697 0.200000 -1.000000 0.200000 0.200000 0.008000
169 1598451696 0.200000 -1.000000 0.200000 0.200000 0.008000
169 1598451695 0.200000 -1.000000 0.200000 0.200000 0.008000
199 1598451354 0.200000 -1.000000 0.200000 0.200000 0.008000
199 1598451353 0.200000 -1.000000 0.200000 0.200000 0.008000
199 1598451352 0.200000 -1.000000 0.200000 0.200000 0.008000
199 1598451351 0.200000 -1.000000 0.200000 0.200000 0.008000
199 1598451350 0.200000 -1.000000 0.200000 0.200000 0.008000
197 1598451354 0.200000 -1.000000 0.200000 0.200000 0.008000
197 1598451353 0.200000 -1.000000 0.200000 0.200000 0.008000
197 1598451352 0.200000 -1.000000 0.200000 0.200000 0.008000
197 1598451351 0.200000 -1.000000 0.200000 0.200000 0.008000
197 1598451350 0.200000 -1.000000 0.200000 0.200000 0.008000
188 1598451754 0.200000 -1.000000 0.200000 0.200000 0.008000
188 1598451753 0.200000 -1.000000 0.200000 0.200000 0.008000
188 1598451752 0.200000 -1.000000 0.200000 0.200000 0.008000
188 1598451751 0.200000 -1.000000 0.200000 0.200000 0.008000
188 1598451750 0.200000 -1.000000 0.200000 0.200000 0.008000
188 1598451704 0.200000 -1.000000 0.200000 0.200000 0.008000
188 1598451703 0.200000 -1.000000 0.200000 0.200000 0.008000
188 1598451702 0.200000 -1.000000 0.200000 0.200000 0.008000
188 1598451701 0.200000 -1.000000 0.200000 0.200000 0.008000
188 1598451700 0.200000 -1.000000 0.200000 0.200000 0.008000
204 1598451799 0.200000 -1.000000 0.200000 0.200000 0.008000
204 1598451798 0.200000 -1.000000 0.200000 0.200000 0.008000
204 1598451797 0.200000 -1.000000 0.200000 0.200000 0.008000
204 1598451796 0.200000 -1.000000 0.200000 0.200000 0.008000
204 1598451795 0.200000 -1.000000 0.200000 0.200000 0.008000
175 1598451374 0.200000 -1.000000 0.200000 0.200000 0.008000
175 1598451373 0.200000 -1.000000 0.200000 0.200000 0.008000
175 1598451372 0.200000 -1.000000 0.200000 0.200000 0.008000
175 1598451371 0.200000 -1.000000 0.200000 0.200000 0.008000
175 1598451370 0.200000 -1.000000 0.200000 0.200000 0.008000
163 1598449789 0.200000 -1.000000 0.200000 0.200000 0.008000
163 1598449788 0.200000 -1.000000 0.200000 0.200000 0.008000
163 1598449787 0.200000 -1.000000 0.200000 0.200000 0.008000
163 1598449786 0.200000 -1.000000 0.200000 0.200000 0.008000
163 1598449785 0.200000 -1.000000 0.200000 0.200000 0.008000
154 1598451799 0.200000 -1.000000 0.200000 0.200000 0.008000
154 1598451798 0.200000 -1.000000 0.200000 0.200000 0.008000
154 1598451797 0.200000 -1.000000 0.200000 0.200000 0.008000
154 1598451796 0.200000 -1.000000 0.200000 0.200000 0.008000
154 1598451795 0.200000 -1.000000 0.200000 0.200000 0.008000
154 1598451754 0.600000 -1.000000 0.600000 0.600000 0.072000
154 1598451753 0.600000 -1.000000 0.600000 0.600000 0.072000
154 1598451752 0.600000 -1.000000 0.600000 0.600000 0.072000
154 1598451751 0.600000 -1.000000 0.600000 0.600000 0.072000
154 1598451750 0.600000 -1.000000 0.600000 0.600000 0.072000
195 1598451354 0.200000 -1.000000 0.200000 0.200000 0.008000
195 1598451353 0.200000 -1.000000 0.200000 0.200000 0.008000
195 1598451352 0.200000 -1.000000 0.200000 0.200000 0.008000
195 1598451351 0.200000 -1.000000 0.200000 0.200000 0.008000
195 1598451350 0.200000 -1.000000 0.200000 0.200000 0.008000
177 1598451374 0.200000 -1.000000 0.200000 0.200000 0.008000
177 1598451373 0.200000 -1.000000 0.200000 0.200000 0.008000
177 1598451372 0.200000 -1.000000 0.200000 0.200000 0.008000
177 1598451371 0.200000 -1.000000 0.200000 0.200000 0.008000
177 1598451370 0.200000 -1.000000 0.200000 0.200000 0.008000
193 1598451354 0.200000 -1.000000 0.200000 0.200000 0.008000
193 1598451353 0.200000 -1.000000 0.200000 0.200000 0.008000
193 1598451352 0.200000 -1.000000 0.200000 0.200000 0.008000
193 1598451351 0.200000 -1.000000 0.200000 0.200000 0.008000
193 1598451350 0.200000 -1.000000 0.200000 0.200000 0.008000
157 1598450934 0.200000 -1.000000 0.200000 0.200000 0.008000
157 1598450933 0.200000 -1.000000 0.200000 0.200000 0.008000
157 1598450932 0.200000 -1.000000 0.200000 0.200000 0.008000
157 1598450931 0.200000 -1.000000 0.200000 0.200000 0.008000
157 1598450930 0.200000 -1.000000 0.200000 0.200000 0.008000
169 1598451754 0.400000 -1.000000 0.400000 0.400000 0.032000
169 1598451753 0.400000 -1.000000 0.400000 0.400000 0.032000
169 1598451752 0.400000 -1.000000 0.400000 0.400000 0.032000
169 1598451751 0.400000 -1.000000 0.400000 0.400000 0.032000
169 1598451750 0.400000 -1.000000 0.400000 0.400000 0.032000
169 1598451724 0.200000 -1.000000 0.200000 0.200000 0.008000
169 1598451723 0.200000 -1.000000 0.200000 0.200000 0.008000
169 1598451722 0.200000 -1.000000 0.200000 0.200000 0.008000
169 1598451721 0.200000 -1.000000 0.200000 0.200000 0.008000
169 1598451720 0.200000 -1.000000 0.200000 0.200000 0.008000
169 1598451709 0.200000 -1.000000 0.200000 0.200000 0.008000
169 1598451708 0.200000 -1.000000 0.200000 0.200000 0.008000
169 1598451707 0.200000 -1.000000 0.200000 0.200000 0.008000
169 1598451706 0.200000 -1.000000 0.200000 0.200000 0.008000
169 1598451705 0.200000 -1.000000 0.200000 0.200000 0.008000
169 1598451699 0.200000 -1.000000 0.200000 0.200000 0.008000
169 1598451698 0.200000 -1.000000 0.200000 0.200000 0.008000
169 1598451697 0.200000 -1.000000 0.200000 0.200000 0.008000
169 1598451696 0.200000 -1.000000 0.200000 0.200000 0.008000
169 1598451695 0.200000 -1.000000 0.200000 0.200000 0.008000
